(125, 552) (370, 862) (370, 552) (615, 862)
(1237, 560) (1482, 870) (1482, 560) (1727, 870)
(1237, 559) (1482, 869) (1482, 559) (1727, 869)
(1239, 559) (1484, 869) (1484, 559) (1729, 869)
0
(1241, 559) (1486, 869) (1486, 559) (1731, 869)
(1241, 559) (1486, 869) (1486, 559) (1731, 869)
(1242, 559) (1487, 869) (1487, 559) (1732, 869)
(1241, 559) (1486, 869) (1486, 559) (1731, 869)
(1240, 558) (1485, 868) (1485, 558) (1730, 868)
(1241, 557) (1486, 867) (1486, 557) (1731, 867)
(1241, 557) (1486, 867) (1486, 557) (1731, 867)
(1241, 557) (1486, 867) (1486, 557) (1731, 867)
(1242, 557) (1487, 867) (1487, 557) (1732, 867)
(1242, 558) (1487, 868) (1487, 558) (1732, 868)
(1243, 558) (1488, 868) (1488, 558) (1733, 868)
(1243, 559) (1488, 869) (1488, 559) (1733, 869)
(1243, 561) (1488, 871) (1488, 561) (1733, 871)
(1243, 564) (1488, 874) (1488, 564) (1733, 874)
(1245, 563) (1490, 873) (1490, 563) (1735, 873)
(1243, 562) (1488, 872) (1488, 562) (1733, 872)
(1241, 563) (1486, 873) (1486, 563) (1731, 873)
(1243, 564) (1488, 874) (1488, 564) (1733, 874)
(1244, 564) (1489, 874) (1489, 564) (1734, 874)
(1243, 562) (1488, 872) (1488, 562) (1733, 872)
(1243, 561) (1488, 871) (1488, 561) (1733, 871)
(1245, 563) (1490, 873) (1490, 563) (1735, 873)
(1243, 563) (1488, 873) (1488, 563) (1733, 873)
(1243, 563) (1488, 873) (1488, 563) (1733, 873)
(1244, 562) (1489, 872) (1489, 562) (1734, 872)
(1243, 561) (1488, 871) (1488, 561) (1733, 871)
(1241, 555) (1486, 865) (1486, 555) (1731, 865)
(1243, 561) (1488, 871) (1488, 561) (1733, 871)
(1244, 561) (1489, 871) (1489, 561) (1734, 871)
(1243, 562) (1488, 872) (1488, 562) (1733, 872)
(1244, 563) (1489, 873) (1489, 563) (1734, 873)
(1244, 561) (1489, 871) (1489, 561) (1734, 871)
(1245, 563) (1490, 873) (1490, 563) (1735, 873)
(1243, 563) (1488, 873) (1488, 563) (1733, 873)
(1239, 561) (1484, 871) (1484, 561) (1729, 871)
(1245, 561) (1490, 871) (1490, 561) (1735, 871)
(1245, 563) (1490, 873) (1490, 563) (1735, 873)
(1245, 562) (1490, 872) (1490, 562) (1735, 872)
(1245, 562) (1490, 872) (1490, 562) (1735, 872)
(1245, 561) (1490, 871) (1490, 561) (1735, 871)
(1245, 562) (1490, 872) (1490, 562) (1735, 872)
(1245, 561) (1490, 871) (1490, 561) (1735, 871)
(1244, 561) (1489, 871) (1489, 561) (1734, 871)
(1245, 564) (1490, 874) (1490, 564) (1735, 874)
(1243, 563) (1488, 873) (1488, 563) (1733, 873)
(1246, 566) (1491, 876) (1491, 566) (1736, 876)
(1245, 564) (1490, 874) (1490, 564) (1735, 874)
(1245, 562) (1490, 872) (1490, 562) (1735, 872)
(1245, 562) (1490, 872) (1490, 562) (1735, 872)
(1245, 563) (1490, 873) (1490, 563) (1735, 873)
(1245, 563) (1490, 873) (1490, 563) (1735, 873)
(1244, 564) (1489, 874) (1489, 564) (1734, 874)
(1245, 567) (1490, 877) (1490, 567) (1735, 877)
(1245, 563) (1490, 873) (1490, 563) (1735, 873)
(1245, 565) (1490, 875) (1490, 565) (1735, 875)
(1244, 562) (1489, 872) (1489, 562) (1734, 872)
(1245, 561) (1490, 871) (1490, 561) (1735, 871)
(1243, 562) (1488, 872) (1488, 562) (1733, 872)
(1241, 562) (1486, 872) (1486, 562) (1731, 872)
(1243, 563) (1488, 873) (1488, 563) (1733, 873)
(1242, 566) (1487, 876) (1487, 566) (1732, 876)
(1241, 563) (1486, 873) (1486, 563) (1731, 873)
(1243, 565) (1488, 875) (1488, 565) (1733, 875)
(1243, 566) (1488, 876) (1488, 566) (1733, 876)
(1243, 563) (1488, 873) (1488, 563) (1733, 873)
(1242, 563) (1487, 873) (1487, 563) (1732, 873)
(1241, 563) (1486, 873) (1486, 563) (1731, 873)
(1241, 562) (1486, 872) (1486, 562) (1731, 872)
(1242, 562) (1487, 872) (1487, 562) (1732, 872)
(1241, 563) (1486, 873) (1486, 563) (1731, 873)
(1243, 562) (1488, 872) (1488, 562) (1733, 872)
(1243, 562) (1488, 872) (1488, 562) (1733, 872)
(1242, 562) (1487, 872) (1487, 562) (1732, 872)
(1245, 560) (1490, 870) (1490, 560) (1735, 870)
(1244, 561) (1489, 871) (1489, 561) (1734, 871)
(1241, 563) (1486, 873) (1486, 563) (1731, 873)
(1241, 559) (1486, 869) (1486, 559) (1731, 869)
(1241, 559) (1486, 869) (1486, 559) (1731, 869)
(1241, 562) (1486, 872) (1486, 562) (1731, 872)
(1241, 560) (1486, 870) (1486, 560) (1731, 870)
(1240, 559) (1485, 869) (1485, 559) (1730, 869)
(1241, 560) (1486, 870) (1486, 560) (1731, 870)
(1241, 559) (1486, 869) (1486, 559) (1731, 869)
(1239, 559) (1484, 869) (1484, 559) (1729, 869)
(1241, 561) (1486, 871) (1486, 561) (1731, 871)
(1240, 559) (1485, 869) (1485, 559) (1730, 869)
(1239, 559) (1484, 869) (1484, 559) (1729, 869)
(1240, 560) (1485, 870) (1485, 560) (1730, 870)
(1239, 559) (1484, 869) (1484, 559) (1729, 869)
(1252, 566) (1497, 876) (1497, 566) (1742, 876)
(1241, 561) (1486, 871) (1486, 561) (1731, 871)
(1241, 562) (1486, 872) (1486, 562) (1731, 872)
(1241, 562) (1486, 872) (1486, 562) (1731, 872)
(1241, 561) (1486, 871) (1486, 561) (1731, 871)
(1241, 563) (1486, 873) (1486, 563) (1731, 873)
(1241, 562) (1486, 872) (1486, 562) (1731, 872)
(1241, 562) (1486, 872) (1486, 562) (1731, 872)
(1241, 562) (1486, 872) (1486, 562) (1731, 872)
(1241, 561) (1486, 871) (1486, 561) (1731, 871)
(1241, 560) (1486, 870) (1486, 560) (1731, 870)
(1241, 561) (1486, 871) (1486, 561) (1731, 871)
(1241, 561) (1486, 871) (1486, 561) (1731, 871)
(1241, 562) (1486, 872) (1486, 562) (1731, 872)
(1241, 561) (1486, 871) (1486, 561) (1731, 871)
(1241, 562) (1486, 872) (1486, 562) (1731, 872)
(1241, 555) (1486, 865) (1486, 555) (1731, 865)
(1255, 561) (1500, 871) (1500, 561) (1745, 871)
(1246, 554) (1491, 864) (1491, 554) (1736, 864)
(1244, 553) (1489, 863) (1489, 553) (1734, 863)
(1246, 555) (1491, 865) (1491, 555) (1736, 865)
(1243, 552) (1488, 862) (1488, 552) (1733, 862)
(1242, 552) (1487, 862) (1487, 552) (1732, 862)
(1244, 554) (1489, 864) (1489, 554) (1734, 864)
(1244, 550) (1489, 860) (1489, 550) (1734, 860)
(1241, 549) (1486, 859) (1486, 549) (1731, 859)
(1243, 550) (1488, 860) (1488, 550) (1733, 860)
(1246, 552) (1491, 862) (1491, 552) (1736, 862)
(1249, 551) (1494, 861) (1494, 551) (1739, 861)
(1247, 549) (1492, 859) (1492, 549) (1737, 859)
(1247, 549) (1492, 859) (1492, 549) (1737, 859)
(1247, 549) (1492, 859) (1492, 549) (1737, 859)
(1245, 546) (1490, 856) (1490, 546) (1735, 856)
(1241, 549) (1486, 859) (1486, 549) (1731, 859)
(1239, 548) (1484, 858) (1484, 548) (1729, 858)
(1239, 547) (1484, 857) (1484, 547) (1729, 857)
(1239, 547) (1484, 857) (1484, 547) (1729, 857)
(1237, 547) (1482, 857) (1482, 547) (1727, 857)
(1239, 547) (1484, 857) (1484, 547) (1729, 857)
(1239, 547) (1484, 857) (1484, 547) (1729, 857)
(1241, 549) (1486, 859) (1486, 549) (1731, 859)
(1237, 549) (1482, 859) (1482, 549) (1727, 859)
(1239, 548) (1484, 858) (1484, 548) (1729, 858)
(1239, 549) (1484, 859) (1484, 549) (1729, 859)
(1239, 549) (1484, 859) (1484, 549) (1729, 859)
(1239, 549) (1484, 859) (1484, 549) (1729, 859)
(1239, 550) (1484, 860) (1484, 550) (1729, 860)
(1240, 548) (1485, 858) (1485, 548) (1730, 858)
(1243, 550) (1488, 860) (1488, 550) (1733, 860)
(1245, 550) (1490, 860) (1490, 550) (1735, 860)
(1240, 549) (1485, 859) (1485, 549) (1730, 859)
(1240, 548) (1485, 858) (1485, 548) (1730, 858)
(1239, 549) (1484, 859) (1484, 549) (1729, 859)
(1241, 548) (1486, 858) (1486, 548) (1731, 858)
(1240, 550) (1485, 860) (1485, 550) (1730, 860)
(1239, 549) (1484, 859) (1484, 549) (1729, 859)
(1239, 549) (1484, 859) (1484, 549) (1729, 859)
(1239, 549) (1484, 859) (1484, 549) (1729, 859)
(1239, 549) (1484, 859) (1484, 549) (1729, 859)
(1239, 546) (1484, 856) (1484, 546) (1729, 856)
(1239, 547) (1484, 857) (1484, 547) (1729, 857)
(1240, 548) (1485, 858) (1485, 548) (1730, 858)
(1240, 548) (1485, 858) (1485, 548) (1730, 858)
(1241, 555) (1486, 865) (1486, 555) (1731, 865)
(1241, 547) (1486, 857) (1486, 547) (1731, 857)
(1241, 548) (1486, 858) (1486, 548) (1731, 858)
(1241, 549) (1486, 859) (1486, 549) (1731, 859)
(1241, 547) (1486, 857) (1486, 547) (1731, 857)
(1239, 548) (1484, 858) (1484, 548) (1729, 858)
(1241, 549) (1486, 859) (1486, 549) (1731, 859)
(1242, 548) (1487, 858) (1487, 548) (1732, 858)
(1241, 547) (1486, 857) (1486, 547) (1731, 857)
(1240, 547) (1485, 857) (1485, 547) (1730, 857)
(1241, 550) (1486, 860) (1486, 550) (1731, 860)
(1239, 547) (1484, 857) (1484, 547) (1729, 857)
(1242, 548) (1487, 858) (1487, 548) (1732, 858)
(1241, 548) (1486, 858) (1486, 548) (1731, 858)
(1241, 548) (1486, 858) (1486, 548) (1731, 858)
(1239, 549) (1484, 859) (1484, 549) (1729, 859)
(1239, 550) (1484, 860) (1484, 550) (1729, 860)
(1241, 548) (1486, 858) (1486, 548) (1731, 858)
(1240, 546) (1485, 856) (1485, 546) (1730, 856)
(1240, 547) (1485, 857) (1485, 547) (1730, 857)
(1239, 548) (1484, 858) (1484, 548) (1729, 858)
(1241, 547) (1486, 857) (1486, 547) (1731, 857)
(1239, 547) (1484, 857) (1484, 547) (1729, 857)
(1239, 549) (1484, 859) (1484, 549) (1729, 859)
(1240, 547) (1485, 857) (1485, 547) (1730, 857)
(1240, 547) (1485, 857) (1485, 547) (1730, 857)
(1240, 548) (1485, 858) (1485, 548) (1730, 858)
(1239, 548) (1484, 858) (1484, 548) (1729, 858)
(1240, 546) (1485, 856) (1485, 546) (1730, 856)
(1240, 548) (1485, 858) (1485, 548) (1730, 858)
(1239, 548) (1484, 858) (1484, 548) (1729, 858)
(1240, 548) (1485, 858) (1485, 548) (1730, 858)
(1244, 552) (1489, 862) (1489, 552) (1734, 862)
(1239, 548) (1484, 858) (1484, 548) (1729, 858)
(1237, 547) (1482, 857) (1482, 547) (1727, 857)
(1240, 547) (1485, 857) (1485, 547) (1730, 857)
(1238, 548) (1483, 858) (1483, 548) (1728, 858)
(1237, 546) (1482, 856) (1482, 546) (1727, 856)
(1237, 547) (1482, 857) (1482, 547) (1727, 857)
(1238, 546) (1483, 856) (1483, 546) (1728, 856)
(1237, 547) (1482, 857) (1482, 547) (1727, 857)
(1238, 548) (1483, 858) (1483, 548) (1728, 858)
(1237, 546) (1482, 856) (1482, 546) (1727, 856)
(1239, 547) (1484, 857) (1484, 547) (1729, 857)
(1239, 547) (1484, 857) (1484, 547) (1729, 857)
(1238, 547) (1483, 857) (1483, 547) (1728, 857)
(1237, 547) (1482, 857) (1482, 547) (1727, 857)
(1242, 549) (1487, 859) (1487, 549) (1732, 859)
0
(1239, 549) (1484, 859) (1484, 549) (1729, 859)
(1239, 546) (1484, 856) (1484, 546) (1729, 856)
(1239, 550) (1484, 860) (1484, 550) (1729, 860)
(1240, 551) (1485, 861) (1485, 551) (1730, 861)
(1239, 551) (1484, 861) (1484, 551) (1729, 861)
(1239, 548) (1484, 858) (1484, 548) (1729, 858)
(1239, 547) (1484, 857) (1484, 547) (1729, 857)
(1238, 549) (1483, 859) (1483, 549) (1728, 859)
(1239, 547) (1484, 857) (1484, 547) (1729, 857)
(1239, 547) (1484, 857) (1484, 547) (1729, 857)
(1238, 548) (1483, 858) (1483, 548) (1728, 858)
(1238, 547) (1483, 857) (1483, 547) (1728, 857)
(1238, 547) (1483, 857) (1483, 547) (1728, 857)
(1238, 547) (1483, 857) (1483, 547) (1728, 857)
(1239, 548) (1484, 858) (1484, 548) (1729, 858)
(1242, 547) (1487, 857) (1487, 547) (1732, 857)
(1239, 547) (1484, 857) (1484, 547) (1729, 857)
(1239, 546) (1484, 856) (1484, 546) (1729, 856)
(1239, 547) (1484, 857) (1484, 547) (1729, 857)
(1239, 548) (1484, 858) (1484, 548) (1729, 858)
(1239, 548) (1484, 858) (1484, 548) (1729, 858)
(1239, 548) (1484, 858) (1484, 548) (1729, 858)
(1239, 548) (1484, 858) (1484, 548) (1729, 858)
(1241, 547) (1486, 857) (1486, 547) (1731, 857)
(1240, 547) (1485, 857) (1485, 547) (1730, 857)
(1239, 548) (1484, 858) (1484, 548) (1729, 858)
(1239, 548) (1484, 858) (1484, 548) (1729, 858)
(1240, 547) (1485, 857) (1485, 547) (1730, 857)
(1239, 548) (1484, 858) (1484, 548) (1729, 858)
(1239, 548) (1484, 858) (1484, 548) (1729, 858)
(1239, 548) (1484, 858) (1484, 548) (1729, 858)
(1239, 547) (1484, 857) (1484, 547) (1729, 857)
(1239, 547) (1484, 857) (1484, 547) (1729, 857)
(1239, 548) (1484, 858) (1484, 548) (1729, 858)
(1239, 547) (1484, 857) (1484, 547) (1729, 857)
(1239, 547) (1484, 857) (1484, 547) (1729, 857)
(1240, 547) (1485, 857) (1485, 547) (1730, 857)
(1239, 547) (1484, 857) (1484, 547) (1729, 857)
(1241, 547) (1486, 857) (1486, 547) (1731, 857)
(1240, 547) (1485, 857) (1485, 547) (1730, 857)
(1239, 547) (1484, 857) (1484, 547) (1729, 857)
(1240, 547) (1485, 857) (1485, 547) (1730, 857)
(1239, 549) (1484, 859) (1484, 549) (1729, 859)
(1239, 548) (1484, 858) (1484, 548) (1729, 858)
(1240, 548) (1485, 858) (1485, 548) (1730, 858)
(1239, 548) (1484, 858) (1484, 548) (1729, 858)
(1239, 548) (1484, 858) (1484, 548) (1729, 858)
(1239, 547) (1484, 857) (1484, 547) (1729, 857)
(1239, 548) (1484, 858) (1484, 548) (1729, 858)
(1239, 547) (1484, 857) (1484, 547) (1729, 857)
(1239, 548) (1484, 858) (1484, 548) (1729, 858)
(1240, 548) (1485, 858) (1485, 548) (1730, 858)
(1239, 548) (1484, 858) (1484, 548) (1729, 858)
(1240, 548) (1485, 858) (1485, 548) (1730, 858)
(1239, 547) (1484, 857) (1484, 547) (1729, 857)
(1239, 547) (1484, 857) (1484, 547) (1729, 857)
(1239, 549) (1484, 859) (1484, 549) (1729, 859)
(1239, 549) (1484, 859) (1484, 549) (1729, 859)
(1239, 547) (1484, 857) (1484, 547) (1729, 857)
(1239, 546) (1484, 856) (1484, 546) (1729, 856)
(1240, 548) (1485, 858) (1485, 548) (1730, 858)
(1239, 547) (1484, 857) (1484, 547) (1729, 857)
(1239, 548) (1484, 858) (1484, 548) (1729, 858)
(1239, 547) (1484, 857) (1484, 547) (1729, 857)
(1239, 547) (1484, 857) (1484, 547) (1729, 857)
(1239, 548) (1484, 858) (1484, 548) (1729, 858)
(1239, 548) (1484, 858) (1484, 548) (1729, 858)
(1239, 548) (1484, 858) (1484, 548) (1729, 858)
(1239, 548) (1484, 858) (1484, 548) (1729, 858)
(1239, 548) (1484, 858) (1484, 548) (1729, 858)
(1239, 547) (1484, 857) (1484, 547) (1729, 857)
(1239, 548) (1484, 858) (1484, 548) (1729, 858)
(1239, 547) (1484, 857) (1484, 547) (1729, 857)
(1239, 547) (1484, 857) (1484, 547) (1729, 857)
(1239, 547) (1484, 857) (1484, 547) (1729, 857)
(1239, 547) (1484, 857) (1484, 547) (1729, 857)
(1240, 547) (1485, 857) (1485, 547) (1730, 857)
(1239, 547) (1484, 857) (1484, 547) (1729, 857)
(1239, 548) (1484, 858) (1484, 548) (1729, 858)
(1239, 548) (1484, 858) (1484, 548) (1729, 858)
(1239, 547) (1484, 857) (1484, 547) (1729, 857)
(1239, 546) (1484, 856) (1484, 546) (1729, 856)
(1239, 548) (1484, 858) (1484, 548) (1729, 858)
(1239, 547) (1484, 857) (1484, 547) (1729, 857)
(1239, 547) (1484, 857) (1484, 547) (1729, 857)
(1239, 547) (1484, 857) (1484, 547) (1729, 857)
(1239, 547) (1484, 857) (1484, 547) (1729, 857)
(1239, 546) (1484, 856) (1484, 546) (1729, 856)
(1239, 547) (1484, 857) (1484, 547) (1729, 857)
(1239, 546) (1484, 856) (1484, 546) (1729, 856)
(1239, 547) (1484, 857) (1484, 547) (1729, 857)
(1239, 547) (1484, 857) (1484, 547) (1729, 857)
(1239, 548) (1484, 858) (1484, 548) (1729, 858)
(1239, 548) (1484, 858) (1484, 548) (1729, 858)
(1239, 547) (1484, 857) (1484, 547) (1729, 857)
(1239, 546) (1484, 856) (1484, 546) (1729, 856)
(1239, 547) (1484, 857) (1484, 547) (1729, 857)
(1239, 547) (1484, 857) (1484, 547) (1729, 857)
(1239, 547) (1484, 857) (1484, 547) (1729, 857)
(1239, 548) (1484, 858) (1484, 548) (1729, 858)
(1239, 547) (1484, 857) (1484, 547) (1729, 857)
(1239, 548) (1484, 858) (1484, 548) (1729, 858)
(1240, 546) (1485, 856) (1485, 546) (1730, 856)
(1239, 547) (1484, 857) (1484, 547) (1729, 857)
(1239, 546) (1484, 856) (1484, 546) (1729, 856)
(1239, 547) (1484, 857) (1484, 547) (1729, 857)
(1239, 547) (1484, 857) (1484, 547) (1729, 857)
(1253, 557) (1498, 867) (1498, 557) (1743, 867)
(1253, 556) (1498, 866) (1498, 556) (1743, 866)
(1252, 558) (1497, 868) (1497, 558) (1742, 868)
(1253, 558) (1498, 868) (1498, 558) (1743, 868)
(1248, 553) (1493, 863) (1493, 553) (1738, 863)
(1251, 556) (1496, 866) (1496, 556) (1741, 866)
(1251, 558) (1496, 868) (1496, 558) (1741, 868)
0
(1250, 559) (1495, 869) (1495, 559) (1740, 869)
(1247, 556) (1492, 866) (1492, 556) (1737, 866)
(1247, 558) (1492, 868) (1492, 558) (1737, 868)
(1248, 561) (1493, 871) (1493, 561) (1738, 871)
(1249, 561) (1494, 871) (1494, 561) (1739, 871)
(1249, 561) (1494, 871) (1494, 561) (1739, 871)
(1249, 558) (1494, 868) (1494, 558) (1739, 868)
(1249, 560) (1494, 870) (1494, 560) (1739, 870)
(1250, 556) (1495, 866) (1495, 556) (1740, 866)
0
(1253, 559) (1498, 869) (1498, 559) (1743, 869)
(1251, 555) (1496, 865) (1496, 555) (1741, 865)
(1249, 555) (1494, 865) (1494, 555) (1739, 865)
(1245, 553) (1490, 863) (1490, 553) (1735, 863)
(1248, 555) (1493, 865) (1493, 555) (1738, 865)
(1251, 552) (1496, 862) (1496, 552) (1741, 862)
(1249, 551) (1494, 861) (1494, 551) (1739, 861)
0
(1253, 551) (1498, 861) (1498, 551) (1743, 861)
(1256, 552) (1501, 862) (1501, 552) (1746, 862)
(1249, 553) (1494, 863) (1494, 553) (1739, 863)
(1253, 550) (1498, 860) (1498, 550) (1743, 860)
(1255, 551) (1500, 861) (1500, 551) (1745, 861)
(1253, 552) (1498, 862) (1498, 552) (1743, 862)
(1256, 558) (1501, 868) (1501, 558) (1746, 868)
(1249, 548) (1494, 858) (1494, 548) (1739, 858)
(1249, 552) (1494, 862) (1494, 552) (1739, 862)
(1251, 551) (1496, 861) (1496, 551) (1741, 861)
(1263, 551) (1508, 861) (1508, 551) (1753, 861)
(1253, 545) (1498, 855) (1498, 545) (1743, 855)
(1253, 546) (1498, 856) (1498, 546) (1743, 856)
(1243, 547) (1488, 857) (1488, 547) (1733, 857)
(1251, 550) (1496, 860) (1496, 550) (1741, 860)
(1242, 543) (1487, 853) (1487, 543) (1732, 853)
(1248, 545) (1493, 855) (1493, 545) (1738, 855)
(1245, 545) (1490, 855) (1490, 545) (1735, 855)
(1250, 546) (1495, 856) (1495, 546) (1740, 856)
(1245, 546) (1490, 856) (1490, 546) (1735, 856)
(1245, 547) (1490, 857) (1490, 547) (1735, 857)
(1243, 544) (1488, 854) (1488, 544) (1733, 854)
(1247, 546) (1492, 856) (1492, 546) (1737, 856)
(1253, 548) (1498, 858) (1498, 548) (1743, 858)
(1257, 547) (1502, 857) (1502, 547) (1747, 857)
(1243, 542) (1488, 852) (1488, 542) (1733, 852)
(1242, 539) (1487, 849) (1487, 539) (1732, 849)
(1239, 539) (1484, 849) (1484, 539) (1729, 849)
(1238, 537) (1483, 847) (1483, 537) (1728, 847)
(1242, 540) (1487, 850) (1487, 540) (1732, 850)
(1241, 540) (1486, 850) (1486, 540) (1731, 850)
(1239, 539) (1484, 849) (1484, 539) (1729, 849)
(1237, 538) (1482, 848) (1482, 538) (1727, 848)
(1240, 540) (1485, 850) (1485, 540) (1730, 850)
(1241, 541) (1486, 851) (1486, 541) (1731, 851)
(1237, 535) (1482, 845) (1482, 535) (1727, 845)
(1237, 538) (1482, 848) (1482, 538) (1727, 848)
(1239, 540) (1484, 850) (1484, 540) (1729, 850)
(1239, 541) (1484, 851) (1484, 541) (1729, 851)
(1237, 541) (1482, 851) (1482, 541) (1727, 851)
(1241, 542) (1486, 852) (1486, 542) (1731, 852)
(1239, 544) (1484, 854) (1484, 544) (1729, 854)
(1239, 544) (1484, 854) (1484, 544) (1729, 854)
(1241, 545) (1486, 855) (1486, 545) (1731, 855)
(1243, 544) (1488, 854) (1488, 544) (1733, 854)
(1248, 546) (1493, 856) (1493, 546) (1738, 856)
(1245, 548) (1490, 858) (1490, 548) (1735, 858)
(1249, 548) (1494, 858) (1494, 548) (1739, 858)
(1259, 548) (1504, 858) (1504, 548) (1749, 858)
(1242, 549) (1487, 859) (1487, 549) (1732, 859)
(1241, 545) (1486, 855) (1486, 545) (1731, 855)
(1241, 544) (1486, 854) (1486, 544) (1731, 854)
(1239, 547) (1484, 857) (1484, 547) (1729, 857)
(1241, 542) (1486, 852) (1486, 542) (1731, 852)
(1091, 423) (1336, 733) (1336, 423) (1581, 733)
(1091, 419) (1336, 729) (1336, 419) (1581, 729)
(1091, 418) (1336, 728) (1336, 418) (1581, 728)
(1091, 425) (1336, 735) (1336, 425) (1581, 735)
(1092, 420) (1337, 730) (1337, 420) (1582, 730)
(1091, 417) (1336, 727) (1336, 417) (1581, 727)
(1099, 418) (1344, 728) (1344, 418) (1589, 728)
0
(1095, 413) (1340, 723) (1340, 413) (1585, 723)
(1095, 415) (1340, 725) (1340, 415) (1585, 725)
(1096, 415) (1341, 725) (1341, 415) (1586, 725)
(1095, 416) (1340, 726) (1340, 416) (1585, 726)
(1094, 416) (1339, 726) (1339, 416) (1584, 726)
(1095, 417) (1340, 727) (1340, 417) (1585, 727)
(1098, 416) (1343, 726) (1343, 416) (1588, 726)
(1095, 415) (1340, 725) (1340, 415) (1585, 725)
(1099, 423) (1344, 733) (1344, 423) (1589, 733)
0
(1093, 419) (1338, 729) (1338, 419) (1583, 729)
(1095, 418) (1340, 728) (1340, 418) (1585, 728)
(1093, 421) (1338, 731) (1338, 421) (1583, 731)
(1095, 419) (1340, 729) (1340, 419) (1585, 729)
(1095, 418) (1340, 728) (1340, 418) (1585, 728)
(1094, 417) (1339, 727) (1339, 417) (1584, 727)
(1095, 417) (1340, 727) (1340, 417) (1585, 727)
(1094, 418) (1339, 728) (1339, 418) (1584, 728)
(1095, 415) (1340, 725) (1340, 415) (1585, 725)
(1095, 418) (1340, 728) (1340, 418) (1585, 728)
(1093, 418) (1338, 728) (1338, 418) (1583, 728)
(1091, 417) (1336, 727) (1336, 417) (1581, 727)
(1092, 420) (1337, 730) (1337, 420) (1582, 730)
(1093, 419) (1338, 729) (1338, 419) (1583, 729)
(1091, 423) (1336, 733) (1336, 423) (1581, 733)
(1092, 417) (1337, 727) (1337, 417) (1582, 727)
(1091, 419) (1336, 729) (1336, 419) (1581, 729)
(1092, 416) (1337, 726) (1337, 416) (1582, 726)
(1091, 418) (1336, 728) (1336, 418) (1581, 728)
(1092, 417) (1337, 727) (1337, 417) (1582, 727)
(1091, 418) (1336, 728) (1336, 418) (1581, 728)
(1091, 418) (1336, 728) (1336, 418) (1581, 728)
(1091, 417) (1336, 727) (1336, 417) (1581, 727)
(1091, 417) (1336, 727) (1336, 417) (1581, 727)
(1091, 418) (1336, 728) (1336, 418) (1581, 728)
(1091, 418) (1336, 728) (1336, 418) (1581, 728)
(1089, 418) (1334, 728) (1334, 418) (1579, 728)
(1089, 419) (1334, 729) (1334, 419) (1579, 729)
(1089, 419) (1334, 729) (1334, 419) (1579, 729)
(1089, 419) (1334, 729) (1334, 419) (1579, 729)
(1089, 419) (1334, 729) (1334, 419) (1579, 729)
(1089, 419) (1334, 729) (1334, 419) (1579, 729)
(1089, 420) (1334, 730) (1334, 420) (1579, 730)
(1089, 419) (1334, 729) (1334, 419) (1579, 729)
(1089, 421) (1334, 731) (1334, 421) (1579, 731)
(1089, 419) (1334, 729) (1334, 419) (1579, 729)
(1089, 419) (1334, 729) (1334, 419) (1579, 729)
(1089, 418) (1334, 728) (1334, 418) (1579, 728)
(1089, 419) (1334, 729) (1334, 419) (1579, 729)
(1089, 419) (1334, 729) (1334, 419) (1579, 729)
(1090, 419) (1335, 729) (1335, 419) (1580, 729)
(1089, 420) (1334, 730) (1334, 420) (1579, 730)
(1090, 420) (1335, 730) (1335, 420) (1580, 730)
(1090, 421) (1335, 731) (1335, 421) (1580, 731)
(1093, 423) (1338, 733) (1338, 423) (1583, 733)
(1091, 424) (1336, 734) (1336, 424) (1581, 734)
(1092, 422) (1337, 732) (1337, 422) (1582, 732)
(1093, 423) (1338, 733) (1338, 423) (1583, 733)
(1094, 424) (1339, 734) (1339, 424) (1584, 734)
(1093, 425) (1338, 735) (1338, 425) (1583, 735)
(1094, 422) (1339, 732) (1339, 422) (1584, 732)
(1093, 421) (1338, 731) (1338, 421) (1583, 731)
(1095, 421) (1340, 731) (1340, 421) (1585, 731)
(1095, 424) (1340, 734) (1340, 424) (1585, 734)
(1089, 409) (1334, 719) (1334, 409) (1579, 719)
(1089, 415) (1334, 725) (1334, 415) (1579, 725)
(1089, 414) (1334, 724) (1334, 414) (1579, 724)
(1089, 415) (1334, 725) (1334, 415) (1579, 725)
(1089, 416) (1334, 726) (1334, 416) (1579, 726)
(1089, 416) (1334, 726) (1334, 416) (1579, 726)
(1090, 415) (1335, 725) (1335, 415) (1580, 725)
(1089, 414) (1334, 724) (1334, 414) (1579, 724)
(1089, 415) (1334, 725) (1334, 415) (1579, 725)
(1093, 412) (1338, 722) (1338, 412) (1583, 722)
(1081, 424) (1326, 734) (1326, 424) (1571, 734)
(1089, 414) (1334, 724) (1334, 414) (1579, 724)
(1081, 424) (1326, 734) (1326, 424) (1571, 734)
(1089, 414) (1334, 724) (1334, 414) (1579, 724)
(1089, 414) (1334, 724) (1334, 414) (1579, 724)
(1082, 424) (1327, 734) (1327, 424) (1572, 734)
(1089, 411) (1334, 721) (1334, 411) (1579, 721)
(1089, 413) (1334, 723) (1334, 413) (1579, 723)
(1089, 414) (1334, 724) (1334, 414) (1579, 724)
(1091, 421) (1336, 731) (1336, 421) (1581, 731)
(1089, 417) (1334, 727) (1334, 417) (1579, 727)
(1089, 417) (1334, 727) (1334, 417) (1579, 727)
(1089, 417) (1334, 727) (1334, 417) (1579, 727)
(1089, 417) (1334, 727) (1334, 417) (1579, 727)
(1089, 417) (1334, 727) (1334, 417) (1579, 727)
(1089, 417) (1334, 727) (1334, 417) (1579, 727)
(1091, 417) (1336, 727) (1336, 417) (1581, 727)
(1087, 418) (1332, 728) (1332, 418) (1577, 728)
(1081, 426) (1326, 736) (1326, 426) (1571, 736)
(1081, 426) (1326, 736) (1326, 426) (1571, 736)
(1081, 426) (1326, 736) (1326, 426) (1571, 736)
(1081, 426) (1326, 736) (1326, 426) (1571, 736)
(1081, 426) (1326, 736) (1326, 426) (1571, 736)
(1081, 426) (1326, 736) (1326, 426) (1571, 736)
(1081, 427) (1326, 737) (1326, 427) (1571, 737)
(1081, 427) (1326, 737) (1326, 427) (1571, 737)
(1087, 416) (1332, 726) (1332, 416) (1577, 726)
(1087, 412) (1332, 722) (1332, 412) (1577, 722)
(1079, 427) (1324, 737) (1324, 427) (1569, 737)
(1079, 427) (1324, 737) (1324, 427) (1569, 737)
(1089, 416) (1334, 726) (1334, 416) (1579, 726)
(1091, 415) (1336, 725) (1336, 415) (1581, 725)
(1090, 415) (1335, 725) (1335, 415) (1580, 725)
(1089, 416) (1334, 726) (1334, 416) (1579, 726)
(1089, 415) (1334, 725) (1334, 415) (1579, 725)
(1089, 415) (1334, 725) (1334, 415) (1579, 725)
(1090, 415) (1335, 725) (1335, 415) (1580, 725)
(1093, 414) (1338, 724) (1338, 414) (1583, 724)
(1091, 411) (1336, 721) (1336, 411) (1581, 721)
(1093, 410) (1338, 720) (1338, 410) (1583, 720)
(1093, 410) (1338, 720) (1338, 410) (1583, 720)
(1092, 413) (1337, 723) (1337, 413) (1582, 723)
(1091, 411) (1336, 721) (1336, 411) (1581, 721)
(1091, 411) (1336, 721) (1336, 411) (1581, 721)
(1091, 410) (1336, 720) (1336, 410) (1581, 720)
(1092, 408) (1337, 718) (1337, 408) (1582, 718)
(1091, 411) (1336, 721) (1336, 411) (1581, 721)
(1092, 403) (1337, 713) (1337, 403) (1582, 713)
(1089, 404) (1334, 714) (1334, 404) (1579, 714)
(1101, 392) (1346, 702) (1346, 392) (1591, 702)
(1093, 406) (1338, 716) (1338, 406) (1583, 716)
(1095, 404) (1340, 714) (1340, 404) (1585, 714)
(1091, 405) (1336, 715) (1336, 405) (1581, 715)
(1091, 407) (1336, 717) (1336, 407) (1581, 717)
(1089, 412) (1334, 722) (1334, 412) (1579, 722)
(1093, 409) (1338, 719) (1338, 409) (1583, 719)
(1091, 410) (1336, 720) (1336, 410) (1581, 720)
(1093, 414) (1338, 724) (1338, 414) (1583, 724)
(1095, 415) (1340, 725) (1340, 415) (1585, 725)
(1093, 415) (1338, 725) (1338, 415) (1583, 725)
(1097, 416) (1342, 726) (1342, 416) (1587, 726)
(1098, 414) (1343, 724) (1343, 414) (1588, 724)
(1096, 413) (1341, 723) (1341, 413) (1586, 723)
(1099, 412) (1344, 722) (1344, 412) (1589, 722)
(1099, 412) (1344, 722) (1344, 412) (1589, 722)
(1094, 411) (1339, 721) (1339, 411) (1584, 721)
(1095, 413) (1340, 723) (1340, 413) (1585, 723)
(1097, 413) (1342, 723) (1342, 413) (1587, 723)
(1097, 412) (1342, 722) (1342, 412) (1587, 722)
(1094, 410) (1339, 720) (1339, 410) (1584, 720)
(1093, 406) (1338, 716) (1338, 406) (1583, 716)
(1091, 407) (1336, 717) (1336, 407) (1581, 717)
(1091, 410) (1336, 720) (1336, 410) (1581, 720)
(1102, 408) (1347, 718) (1347, 408) (1592, 718)
(1097, 407) (1342, 717) (1342, 407) (1587, 717)
(1099, 406) (1344, 716) (1344, 406) (1589, 716)
(1097, 410) (1342, 720) (1342, 410) (1587, 720)
(1098, 410) (1343, 720) (1343, 410) (1588, 720)
(1099, 408) (1344, 718) (1344, 408) (1589, 718)
(1101, 407) (1346, 717) (1346, 407) (1591, 717)
(1100, 411) (1345, 721) (1345, 411) (1590, 721)
(1097, 408) (1342, 718) (1342, 408) (1587, 718)
(1097, 413) (1342, 723) (1342, 413) (1587, 723)
(1097, 412) (1342, 722) (1342, 412) (1587, 722)
(1095, 414) (1340, 724) (1340, 414) (1585, 724)
(1095, 414) (1340, 724) (1340, 414) (1585, 724)
(1093, 410) (1338, 720) (1338, 410) (1583, 720)
(1094, 412) (1339, 722) (1339, 412) (1584, 722)
(1094, 410) (1339, 720) (1339, 410) (1584, 720)
(1095, 411) (1340, 721) (1340, 411) (1585, 721)
(1091, 416) (1336, 726) (1336, 416) (1581, 726)
(1093, 410) (1338, 720) (1338, 410) (1583, 720)
(1093, 412) (1338, 722) (1338, 412) (1583, 722)
(1094, 410) (1339, 720) (1339, 410) (1584, 720)
(1093, 411) (1338, 721) (1338, 411) (1583, 721)
(1095, 413) (1340, 723) (1340, 413) (1585, 723)
(1094, 421) (1339, 731) (1339, 421) (1584, 731)
(1094, 415) (1339, 725) (1339, 415) (1584, 725)
(1095, 416) (1340, 726) (1340, 416) (1585, 726)
(1092, 417) (1337, 727) (1337, 417) (1582, 727)
(1094, 414) (1339, 724) (1339, 414) (1584, 724)
(1094, 414) (1339, 724) (1339, 414) (1584, 724)
(1091, 412) (1336, 722) (1336, 412) (1581, 722)
(1093, 413) (1338, 723) (1338, 413) (1583, 723)
(1094, 416) (1339, 726) (1339, 416) (1584, 726)
(1094, 413) (1339, 723) (1339, 413) (1584, 723)
(1094, 405) (1339, 715) (1339, 405) (1584, 715)
(1092, 407) (1337, 717) (1337, 407) (1582, 717)
(1091, 409) (1336, 719) (1336, 409) (1581, 719)
(1093, 405) (1338, 715) (1338, 405) (1583, 715)
(1091, 405) (1336, 715) (1336, 405) (1581, 715)
(1091, 413) (1336, 723) (1336, 413) (1581, 723)
(1089, 407) (1334, 717) (1334, 407) (1579, 717)
(1091, 406) (1336, 716) (1336, 406) (1581, 716)
(1091, 405) (1336, 715) (1336, 405) (1581, 715)
(1089, 410) (1334, 720) (1334, 410) (1579, 720)
(1091, 409) (1336, 719) (1336, 409) (1581, 719)
(1091, 406) (1336, 716) (1336, 406) (1581, 716)
(1091, 411) (1336, 721) (1336, 411) (1581, 721)
(1091, 406) (1336, 716) (1336, 406) (1581, 716)
(1090, 410) (1335, 720) (1335, 410) (1580, 720)
(1089, 411) (1334, 721) (1334, 411) (1579, 721)
(1087, 412) (1332, 722) (1332, 412) (1577, 722)
(1089, 412) (1334, 722) (1334, 412) (1579, 722)
(1089, 413) (1334, 723) (1334, 413) (1579, 723)
(1093, 411) (1338, 721) (1338, 411) (1583, 721)
(1093, 412) (1338, 722) (1338, 412) (1583, 722)
(1097, 408) (1342, 718) (1342, 408) (1587, 718)
(1095, 410) (1340, 720) (1340, 410) (1585, 720)
(1096, 412) (1341, 722) (1341, 412) (1586, 722)
(1093, 412) (1338, 722) (1338, 412) (1583, 722)
(1093, 412) (1338, 722) (1338, 412) (1583, 722)
(1089, 410) (1334, 720) (1334, 410) (1579, 720)
(1087, 411) (1332, 721) (1332, 411) (1577, 721)
(1089, 411) (1334, 721) (1334, 411) (1579, 721)
(1087, 414) (1332, 724) (1332, 414) (1577, 724)
(1087, 413) (1332, 723) (1332, 413) (1577, 723)
(1087, 413) (1332, 723) (1332, 413) (1577, 723)
(1087, 409) (1332, 719) (1332, 409) (1577, 719)
(1088, 412) (1333, 722) (1333, 412) (1578, 722)
(1090, 409) (1335, 719) (1335, 409) (1580, 719)
(1089, 412) (1334, 722) (1334, 412) (1579, 722)
(1088, 413) (1333, 723) (1333, 413) (1578, 723)
(1089, 415) (1334, 725) (1334, 415) (1579, 725)
(1087, 416) (1332, 726) (1332, 416) (1577, 726)
(1087, 417) (1332, 727) (1332, 417) (1577, 727)
(1081, 428) (1326, 738) (1326, 428) (1571, 738)
(1087, 413) (1332, 723) (1332, 413) (1577, 723)
(1087, 413) (1332, 723) (1332, 413) (1577, 723)
(1087, 415) (1332, 725) (1332, 415) (1577, 725)
(1087, 413) (1332, 723) (1332, 413) (1577, 723)
(1087, 412) (1332, 722) (1332, 412) (1577, 722)
(1087, 413) (1332, 723) (1332, 413) (1577, 723)
(1087, 411) (1332, 721) (1332, 411) (1577, 721)
(1081, 426) (1326, 736) (1326, 426) (1571, 736)
(1087, 413) (1332, 723) (1332, 413) (1577, 723)
(1087, 415) (1332, 725) (1332, 415) (1577, 725)
(1081, 429) (1326, 739) (1326, 429) (1571, 739)
(1081, 430) (1326, 740) (1326, 430) (1571, 740)
(1081, 430) (1326, 740) (1326, 430) (1571, 740)
(1081, 430) (1326, 740) (1326, 430) (1571, 740)
(1081, 430) (1326, 740) (1326, 430) (1571, 740)
(1087, 416) (1332, 726) (1332, 416) (1577, 726)
(1081, 429) (1326, 739) (1326, 429) (1571, 739)
(1081, 429) (1326, 739) (1326, 429) (1571, 739)
(1081, 429) (1326, 739) (1326, 429) (1571, 739)
(1081, 429) (1326, 739) (1326, 429) (1571, 739)
(1081, 429) (1326, 739) (1326, 429) (1571, 739)
0
(1088, 409) (1333, 719) (1333, 409) (1578, 719)
(1087, 413) (1332, 723) (1332, 413) (1577, 723)
(1088, 410) (1333, 720) (1333, 410) (1578, 720)
(1087, 413) (1332, 723) (1332, 413) (1577, 723)
(1088, 412) (1333, 722) (1333, 412) (1578, 722)
(1087, 412) (1332, 722) (1332, 412) (1577, 722)
(1088, 414) (1333, 724) (1333, 414) (1578, 724)
(1081, 428) (1326, 738) (1326, 428) (1571, 738)
(1087, 412) (1332, 722) (1332, 412) (1577, 722)
(1088, 413) (1333, 723) (1333, 413) (1578, 723)
(1087, 414) (1332, 724) (1332, 414) (1577, 724)
(1087, 411) (1332, 721) (1332, 411) (1577, 721)
(1080, 427) (1325, 737) (1325, 427) (1570, 737)
(1079, 429) (1324, 739) (1324, 429) (1569, 739)
(1079, 427) (1324, 737) (1324, 427) (1569, 737)
(1079, 427) (1324, 737) (1324, 427) (1569, 737)
(1079, 427) (1324, 737) (1324, 427) (1569, 737)
(1079, 428) (1324, 738) (1324, 428) (1569, 738)
(1087, 411) (1332, 721) (1332, 411) (1577, 721)
(1080, 427) (1325, 737) (1325, 427) (1570, 737)
(1080, 428) (1325, 738) (1325, 428) (1570, 738)
(1081, 426) (1326, 736) (1326, 426) (1571, 736)
(1079, 429) (1324, 739) (1324, 429) (1569, 739)
(1079, 427) (1324, 737) (1324, 427) (1569, 737)
(1089, 408) (1334, 718) (1334, 408) (1579, 718)
(1080, 427) (1325, 737) (1325, 427) (1570, 737)
(1080, 427) (1325, 737) (1325, 427) (1570, 737)
(1079, 427) (1324, 737) (1324, 427) (1569, 737)
(1087, 408) (1332, 718) (1332, 408) (1577, 718)
(1080, 427) (1325, 737) (1325, 427) (1570, 737)
(1080, 426) (1325, 736) (1325, 426) (1570, 736)
(1080, 426) (1325, 736) (1325, 426) (1570, 736)
(1087, 413) (1332, 723) (1332, 413) (1577, 723)
(1088, 412) (1333, 722) (1333, 412) (1578, 722)
(1087, 410) (1332, 720) (1332, 410) (1577, 720)
(1087, 411) (1332, 721) (1332, 411) (1577, 721)
(1088, 412) (1333, 722) (1333, 412) (1578, 722)
(1087, 413) (1332, 723) (1332, 413) (1577, 723)
(1089, 415) (1334, 725) (1334, 415) (1579, 725)
(1081, 428) (1326, 738) (1326, 428) (1571, 738)
(1087, 419) (1332, 729) (1332, 419) (1577, 729)
(1081, 432) (1326, 742) (1326, 432) (1571, 742)
(1081, 432) (1326, 742) (1326, 432) (1571, 742)
(1081, 431) (1326, 741) (1326, 431) (1571, 741)
(1081, 430) (1326, 740) (1326, 430) (1571, 740)
(1081, 428) (1326, 738) (1326, 428) (1571, 738)
(1081, 429) (1326, 739) (1326, 429) (1571, 739)
(1081, 428) (1326, 738) (1326, 428) (1571, 738)
(1087, 419) (1332, 729) (1332, 419) (1577, 729)
(1081, 428) (1326, 738) (1326, 428) (1571, 738)
(1087, 423) (1332, 733) (1332, 423) (1577, 733)
(1089, 418) (1334, 728) (1334, 418) (1579, 728)
(1087, 414) (1332, 724) (1332, 414) (1577, 724)
(1088, 413) (1333, 723) (1333, 413) (1578, 723)
(1087, 416) (1332, 726) (1332, 416) (1577, 726)
(1087, 414) (1332, 724) (1332, 414) (1577, 724)
(1087, 415) (1332, 725) (1332, 415) (1577, 725)
(1088, 413) (1333, 723) (1333, 413) (1578, 723)
(1087, 410) (1332, 720) (1332, 410) (1577, 720)
(1087, 417) (1332, 727) (1332, 417) (1577, 727)
(1087, 413) (1332, 723) (1332, 413) (1577, 723)
(1087, 413) (1332, 723) (1332, 413) (1577, 723)
(1082, 425) (1327, 735) (1327, 425) (1572, 735)
(1082, 428) (1327, 738) (1327, 428) (1572, 738)
(1081, 426) (1326, 736) (1326, 426) (1571, 736)
