(139, 548) (384, 858) (384, 548) (629, 858)
(1237, 549) (1482, 859) (1482, 549) (1727, 859)
(1237, 549) (1482, 859) (1482, 549) (1727, 859)
(1237, 549) (1482, 859) (1482, 549) (1727, 859)
0
(1237, 548) (1482, 858) (1482, 548) (1727, 858)
(1237, 549) (1482, 859) (1482, 549) (1727, 859)
(1237, 549) (1482, 859) (1482, 549) (1727, 859)
(1237, 549) (1482, 859) (1482, 549) (1727, 859)
(1237, 548) (1482, 858) (1482, 548) (1727, 858)
(1237, 549) (1482, 859) (1482, 549) (1727, 859)
(1237, 549) (1482, 859) (1482, 549) (1727, 859)
(1237, 549) (1482, 859) (1482, 549) (1727, 859)
(1237, 549) (1482, 859) (1482, 549) (1727, 859)
(1237, 549) (1482, 859) (1482, 549) (1727, 859)
(1237, 548) (1482, 858) (1482, 548) (1727, 858)
0
0
0
0
0
0
0
0
0
0
0
0
0
0
0
0
0
0
0
0
0
0
0
0
0
0
0
0
0
0
0
0
0
0
0
0
0
0
0
0
0
0
0
0
0
0
0
0
0
0
0
0
0
0
0
0
0
0
0
0
0
0
0
0
0
0
0
0
0
0
0
0
0
0
0
0
0
0
0
0
0
0
0
0
0
0
0
0
0
0
0
0
0
0
0
0
(1239, 549) (1484, 859) (1484, 549) (1729, 859)
(1239, 549) (1484, 859) (1484, 549) (1729, 859)
(1239, 549) (1484, 859) (1484, 549) (1729, 859)
0
0
(1239, 549) (1484, 859) (1484, 549) (1729, 859)
0
0
0
0
(1239, 547) (1484, 857) (1484, 547) (1729, 857)
0
0
0
0
(1237, 548) (1482, 858) (1482, 548) (1727, 858)
(1237, 549) (1482, 859) (1482, 549) (1727, 859)
(1237, 549) (1482, 859) (1482, 549) (1727, 859)
(1237, 549) (1482, 859) (1482, 549) (1727, 859)
(1237, 549) (1482, 859) (1482, 549) (1727, 859)
(1237, 549) (1482, 859) (1482, 549) (1727, 859)
(1237, 549) (1482, 859) (1482, 549) (1727, 859)
(1237, 549) (1482, 859) (1482, 549) (1727, 859)
(1237, 548) (1482, 858) (1482, 548) (1727, 858)
(1237, 548) (1482, 858) (1482, 548) (1727, 858)
(1237, 548) (1482, 858) (1482, 548) (1727, 858)
(1237, 548) (1482, 858) (1482, 548) (1727, 858)
(1237, 549) (1482, 859) (1482, 549) (1727, 859)
(1237, 549) (1482, 859) (1482, 549) (1727, 859)
(1237, 548) (1482, 858) (1482, 548) (1727, 858)
0
0
(1237, 548) (1482, 858) (1482, 548) (1727, 858)
(1237, 548) (1482, 858) (1482, 548) (1727, 858)
(1237, 548) (1482, 858) (1482, 548) (1727, 858)
(1237, 548) (1482, 858) (1482, 548) (1727, 858)
(1237, 548) (1482, 858) (1482, 548) (1727, 858)
(1237, 548) (1482, 858) (1482, 548) (1727, 858)
(1237, 548) (1482, 858) (1482, 548) (1727, 858)
(1237, 548) (1482, 858) (1482, 548) (1727, 858)
(1237, 548) (1482, 858) (1482, 548) (1727, 858)
(1237, 548) (1482, 858) (1482, 548) (1727, 858)
(1237, 548) (1482, 858) (1482, 548) (1727, 858)
(1237, 548) (1482, 858) (1482, 548) (1727, 858)
(1237, 548) (1482, 858) (1482, 548) (1727, 858)
0
0
0
0
0
0
0
0
0
0
0
0
0
0
0
0
0
0
0
0
0
0
0
0
0
0
0
0
0
0
0
0
0
0
0
0
0
0
0
0
0
0
0
0
0
0
0
0
0
0
0
0
0
0
0
0
0
0
0
0
0
0
0
0
0
0
0
0
0
0
0
0
0
0
0
0
0
0
0
0
0
0
0
0
0
0
0
0
0
0
0
0
0
0
0
0
0
0
0
0
0
0
0
0
0
0
0
0
0
0
0
0
0
0
0
0
0
0
0
0
0
0
0
0
0
0
0
0
0
0
0
0
0
0
0
0
0
0
0
0
0
0
0
0
0
0
0
0
0
0
0
0
0
0
0
0
(1253, 544) (1498, 854) (1498, 544) (1743, 854)
(1253, 544) (1498, 854) (1498, 544) (1743, 854)
(1253, 544) (1498, 854) (1498, 544) (1743, 854)
(1253, 544) (1498, 854) (1498, 544) (1743, 854)
(1253, 544) (1498, 854) (1498, 544) (1743, 854)
(1253, 543) (1498, 853) (1498, 543) (1743, 853)
(1253, 543) (1498, 853) (1498, 543) (1743, 853)
(1255, 543) (1500, 853) (1500, 543) (1745, 853)
0
0
0
0
0
0
(1243, 536) (1488, 846) (1488, 536) (1733, 846)
(1243, 536) (1488, 846) (1488, 536) (1733, 846)
(1243, 536) (1488, 846) (1488, 536) (1733, 846)
0
(1243, 536) (1488, 846) (1488, 536) (1733, 846)
(1245, 535) (1490, 845) (1490, 535) (1735, 845)
(1245, 535) (1490, 845) (1490, 535) (1735, 845)
0
0
(1243, 536) (1488, 846) (1488, 536) (1733, 846)
(1243, 536) (1488, 846) (1488, 536) (1733, 846)
0
(1241, 536) (1486, 846) (1486, 536) (1731, 846)
0
0
0
0
(1243, 536) (1488, 846) (1488, 536) (1733, 846)
0
(1243, 536) (1488, 846) (1488, 536) (1733, 846)
(1243, 536) (1488, 846) (1488, 536) (1733, 846)
(1243, 536) (1488, 846) (1488, 536) (1733, 846)
0
0
0
0
0
0
0
0
0
0
0
0
0
0
0
0
0
0
0
0
0
0
0
0
0
0
0
0
0
0
0
0
0
0
0
0
0
0
0
0
0
0
0
0
0
0
0
0
0
0
0
0
0
0
0
0
0
0
0
0
0
0
0
0
0
0
0
0
0
0
0
0
0
0
0
0
0
0
0
(93, 739) (338, 1049) (338, 739) (583, 1049)
0
0
0
0
0
0
(457, 717) (702, 1027) (702, 717) (947, 1027)
(419, 721) (664, 1031) (664, 721) (909, 1031)
0
0
0
0
0
0
0
0
0
0
0
0
0
0
0
0
(5, 752) (250, 1062) (250, 752) (495, 1062)
0
0
0
0
0
(1, 753) (246, 1063) (246, 753) (491, 1063)
0
0
0
0
0
0
0
0
0
0
0
0
0
0
0
0
0
0
0
0
0
0
0
0
0
0
0
0
0
(1, 753) (246, 1063) (246, 753) (491, 1063)
0
0
0
0
0
0
0
0
0
0
0
(27, 730) (272, 1040) (272, 730) (517, 1040)
(33, 738) (278, 1048) (278, 738) (523, 1048)
0
0
0
0
0
0
0
(1, 751) (246, 1061) (246, 751) (491, 1061)
0
0
0
0
0
0
0
0
0
0
0
0
0
0
0
0
0
(433, 717) (678, 1027) (678, 717) (923, 1027)
(511, 720) (756, 1030) (756, 720) (1001, 1030)
(411, 716) (656, 1026) (656, 716) (901, 1026)
0
0
0
0
0
0
0
0
(415, 716) (660, 1026) (660, 716) (905, 1026)
0
0
0
(1, 756) (246, 1066) (246, 756) (491, 1066)
0
0
(3, 754) (248, 1064) (248, 754) (493, 1064)
0
0
0
0
0
0
0
0
0
0
0
0
0
0
0
0
0
0
0
0
0
0
0
0
0
0
0
0
0
0
0
0
0
0
0
0
0
0
0
0
0
0
0
0
0
0
0
0
0
0
0
0
0
0
0
0
0
(5, 753) (250, 1063) (250, 753) (495, 1063)
0
0
0
0
0
(3, 752) (248, 1062) (248, 752) (493, 1062)
0
0
0
0
0
0
0
0
0
0
0
0
0
0
0
(5, 751) (250, 1061) (250, 751) (495, 1061)
0
0
0
0
0
0
0
(1, 749) (246, 1059) (246, 749) (491, 1059)
0
0
0
0
0
(3, 748) (248, 1058) (248, 748) (493, 1058)
0
0
0
0
(5, 753) (250, 1063) (250, 753) (495, 1063)
0
(1, 752) (246, 1062) (246, 752) (491, 1062)
0
0
0
0
0
(5, 751) (250, 1061) (250, 751) (495, 1061)
0
0
0
(3, 750) (248, 1060) (248, 750) (493, 1060)
0
0
0
0
(3, 751) (248, 1061) (248, 751) (493, 1061)
0
0
0
(1, 749) (246, 1059) (246, 749) (491, 1059)
0
0
0
0
0
0
0
0
0
0
0
0
0
0
(7, 752) (252, 1062) (252, 752) (497, 1062)
(1, 748) (246, 1058) (246, 748) (491, 1058)
0
0
(3, 754) (248, 1064) (248, 754) (493, 1064)
0
0
(471, 729) (716, 1039) (716, 729) (961, 1039)
0
0
0
0
0
0
0
0
0
0
0
0
0
0
0
0
0
0
0
0
