(125, 538) (370, 848) (370, 538) (615, 848)
(1241, 544) (1486, 854) (1486, 544) (1731, 854)
(1241, 544) (1486, 854) (1486, 544) (1731, 854)
(1243, 544) (1488, 854) (1488, 544) (1733, 854)
(1228, 550) (1473, 860) (1473, 550) (1718, 860)
(1244, 543) (1489, 853) (1489, 543) (1734, 853)
(1244, 544) (1489, 854) (1489, 544) (1734, 854)
(1243, 543) (1488, 853) (1488, 543) (1733, 853)
(1245, 542) (1490, 852) (1490, 542) (1735, 852)
(1243, 542) (1488, 852) (1488, 542) (1733, 852)
(1243, 543) (1488, 853) (1488, 543) (1733, 853)
(1245, 543) (1490, 853) (1490, 543) (1735, 853)
(1245, 543) (1490, 853) (1490, 543) (1735, 853)
(1245, 543) (1490, 853) (1490, 543) (1735, 853)
(1245, 543) (1490, 853) (1490, 543) (1735, 853)
(1246, 543) (1491, 853) (1491, 543) (1736, 853)
(1247, 548) (1492, 858) (1492, 548) (1737, 858)
(1250, 548) (1495, 858) (1495, 548) (1740, 858)
(1249, 548) (1494, 858) (1494, 548) (1739, 858)
(1250, 547) (1495, 857) (1495, 547) (1740, 857)
(1250, 546) (1495, 856) (1495, 546) (1740, 856)
(1247, 547) (1492, 857) (1492, 547) (1737, 857)
(1249, 549) (1494, 859) (1494, 549) (1739, 859)
(1249, 548) (1494, 858) (1494, 548) (1739, 858)
(1249, 548) (1494, 858) (1494, 548) (1739, 858)
(1247, 546) (1492, 856) (1492, 546) (1737, 856)
(1250, 548) (1495, 858) (1495, 548) (1740, 858)
(1248, 547) (1493, 857) (1493, 547) (1738, 857)
(1249, 547) (1494, 857) (1494, 547) (1739, 857)
(1249, 548) (1494, 858) (1494, 548) (1739, 858)
(1249, 548) (1494, 858) (1494, 548) (1739, 858)
(1245, 546) (1490, 856) (1490, 546) (1735, 856)
(1251, 549) (1496, 859) (1496, 549) (1741, 859)
(1251, 549) (1496, 859) (1496, 549) (1741, 859)
(1249, 550) (1494, 860) (1494, 550) (1739, 860)
(1249, 550) (1494, 860) (1494, 550) (1739, 860)
(1251, 550) (1496, 860) (1496, 550) (1741, 860)
(1251, 550) (1496, 860) (1496, 550) (1741, 860)
(1249, 550) (1494, 860) (1494, 550) (1739, 860)
(1249, 550) (1494, 860) (1494, 550) (1739, 860)
(1251, 550) (1496, 860) (1496, 550) (1741, 860)
(1251, 549) (1496, 859) (1496, 549) (1741, 859)
(1251, 550) (1496, 860) (1496, 550) (1741, 860)
(1251, 550) (1496, 860) (1496, 550) (1741, 860)
(1251, 549) (1496, 859) (1496, 549) (1741, 859)
(1251, 550) (1496, 860) (1496, 550) (1741, 860)
(1251, 549) (1496, 859) (1496, 549) (1741, 859)
(1251, 549) (1496, 859) (1496, 549) (1741, 859)
(1253, 551) (1498, 861) (1498, 551) (1743, 861)
(1251, 551) (1496, 861) (1496, 551) (1741, 861)
(1253, 553) (1498, 863) (1498, 553) (1743, 863)
(1253, 553) (1498, 863) (1498, 553) (1743, 863)
(1251, 552) (1496, 862) (1496, 552) (1741, 862)
(1252, 553) (1497, 863) (1497, 553) (1742, 863)
(1251, 552) (1496, 862) (1496, 552) (1741, 862)
(1251, 552) (1496, 862) (1496, 552) (1741, 862)
(1251, 552) (1496, 862) (1496, 552) (1741, 862)
(1253, 556) (1498, 866) (1498, 556) (1743, 866)
(1252, 553) (1497, 863) (1497, 553) (1742, 863)
(1251, 555) (1496, 865) (1496, 555) (1741, 865)
(1252, 552) (1497, 862) (1497, 552) (1742, 862)
(1252, 552) (1497, 862) (1497, 552) (1742, 862)
(1252, 552) (1497, 862) (1497, 552) (1742, 862)
(1248, 553) (1493, 863) (1493, 553) (1738, 863)
(1249, 551) (1494, 861) (1494, 551) (1739, 861)
(1249, 551) (1494, 861) (1494, 551) (1739, 861)
(1248, 550) (1493, 860) (1493, 550) (1738, 860)
(1250, 553) (1495, 863) (1495, 553) (1740, 863)
(1250, 553) (1495, 863) (1495, 553) (1740, 863)
(1249, 550) (1494, 860) (1494, 550) (1739, 860)
(1249, 550) (1494, 860) (1494, 550) (1739, 860)
(1249, 549) (1494, 859) (1494, 549) (1739, 859)
(1247, 550) (1492, 860) (1492, 550) (1737, 860)
(1249, 550) (1494, 860) (1494, 550) (1739, 860)
(1247, 549) (1492, 859) (1492, 549) (1737, 859)
(1249, 550) (1494, 860) (1494, 550) (1739, 860)
(1249, 550) (1494, 860) (1494, 550) (1739, 860)
(1248, 548) (1493, 858) (1493, 548) (1738, 858)
(1249, 548) (1494, 858) (1494, 548) (1739, 858)
(1249, 546) (1494, 856) (1494, 546) (1739, 856)
(1249, 551) (1494, 861) (1494, 551) (1739, 861)
(1249, 547) (1494, 857) (1494, 547) (1739, 857)
(1249, 547) (1494, 857) (1494, 547) (1739, 857)
(1247, 550) (1492, 860) (1492, 550) (1737, 860)
(1247, 547) (1492, 857) (1492, 547) (1737, 857)
(1249, 547) (1494, 857) (1494, 547) (1739, 857)
(1249, 547) (1494, 857) (1494, 547) (1739, 857)
(1249, 547) (1494, 857) (1494, 547) (1739, 857)
(1248, 547) (1493, 857) (1493, 547) (1738, 857)
(1249, 550) (1494, 860) (1494, 550) (1739, 860)
(1249, 547) (1494, 857) (1494, 547) (1739, 857)
(1247, 548) (1492, 858) (1492, 548) (1737, 858)
(1249, 547) (1494, 857) (1494, 547) (1739, 857)
(1249, 547) (1494, 857) (1494, 547) (1739, 857)
(1253, 551) (1498, 861) (1498, 551) (1743, 861)
(1249, 548) (1494, 858) (1494, 548) (1739, 858)
(1247, 551) (1492, 861) (1492, 551) (1737, 861)
(1249, 547) (1494, 857) (1494, 547) (1739, 857)
(1249, 548) (1494, 858) (1494, 548) (1739, 858)
(1250, 549) (1495, 859) (1495, 549) (1740, 859)
(1249, 548) (1494, 858) (1494, 548) (1739, 858)
(1250, 549) (1495, 859) (1495, 549) (1740, 859)
(1249, 549) (1494, 859) (1494, 549) (1739, 859)
(1249, 549) (1494, 859) (1494, 549) (1739, 859)
(1250, 547) (1495, 857) (1495, 547) (1740, 857)
(1249, 546) (1494, 856) (1494, 546) (1739, 856)
(1249, 548) (1494, 858) (1494, 548) (1739, 858)
(1249, 548) (1494, 858) (1494, 548) (1739, 858)
(1250, 549) (1495, 859) (1495, 549) (1740, 859)
(1250, 550) (1495, 860) (1495, 550) (1740, 860)
(1243, 540) (1488, 850) (1488, 540) (1733, 850)
(1257, 542) (1502, 852) (1502, 542) (1747, 852)
(1252, 541) (1497, 851) (1497, 541) (1742, 851)
(1251, 539) (1496, 849) (1496, 539) (1741, 849)
(1251, 540) (1496, 850) (1496, 540) (1741, 850)
(1251, 537) (1496, 847) (1496, 537) (1741, 847)
(1249, 538) (1494, 848) (1494, 538) (1739, 848)
(1255, 537) (1500, 847) (1500, 537) (1745, 847)
(1251, 537) (1496, 847) (1496, 537) (1741, 847)
(1251, 537) (1496, 847) (1496, 537) (1741, 847)
(1251, 537) (1496, 847) (1496, 537) (1741, 847)
(1255, 538) (1500, 848) (1500, 538) (1745, 848)
(1254, 537) (1499, 847) (1499, 537) (1744, 847)
(1255, 539) (1500, 849) (1500, 539) (1745, 849)
(1254, 538) (1499, 848) (1499, 538) (1744, 848)
(1253, 539) (1498, 849) (1498, 539) (1743, 849)
(1252, 537) (1497, 847) (1497, 537) (1742, 847)
(1247, 537) (1492, 847) (1492, 537) (1737, 847)
(1245, 539) (1490, 849) (1490, 539) (1735, 849)
(1244, 537) (1489, 847) (1489, 537) (1734, 847)
(1243, 538) (1488, 848) (1488, 538) (1733, 848)
(1243, 537) (1488, 847) (1488, 537) (1733, 847)
(1243, 537) (1488, 847) (1488, 537) (1733, 847)
(1244, 538) (1489, 848) (1489, 538) (1734, 848)
(1245, 539) (1490, 849) (1490, 539) (1735, 849)
(1241, 538) (1486, 848) (1486, 538) (1731, 848)
(1243, 537) (1488, 847) (1488, 537) (1733, 847)
(1243, 537) (1488, 847) (1488, 537) (1733, 847)
(1243, 537) (1488, 847) (1488, 537) (1733, 847)
(1243, 537) (1488, 847) (1488, 537) (1733, 847)
(1244, 537) (1489, 847) (1489, 537) (1734, 847)
(1243, 536) (1488, 846) (1488, 536) (1733, 846)
(1244, 540) (1489, 850) (1489, 540) (1734, 850)
(1244, 539) (1489, 849) (1489, 539) (1734, 849)
(1241, 537) (1486, 847) (1486, 537) (1731, 847)
(1242, 537) (1487, 847) (1487, 537) (1732, 847)
(1241, 537) (1486, 847) (1486, 537) (1731, 847)
(1243, 537) (1488, 847) (1488, 537) (1733, 847)
(1243, 537) (1488, 847) (1488, 537) (1733, 847)
(1241, 538) (1486, 848) (1486, 538) (1731, 848)
(1241, 537) (1486, 847) (1486, 537) (1731, 847)
(1241, 537) (1486, 847) (1486, 537) (1731, 847)
(1241, 536) (1486, 846) (1486, 536) (1731, 846)
(1241, 536) (1486, 846) (1486, 536) (1731, 846)
(1242, 535) (1487, 845) (1487, 535) (1732, 845)
(1241, 536) (1486, 846) (1486, 536) (1731, 846)
(1242, 537) (1487, 847) (1487, 537) (1732, 847)
(1243, 547) (1488, 857) (1488, 547) (1733, 857)
(1243, 535) (1488, 845) (1488, 535) (1733, 845)
(1241, 535) (1486, 845) (1486, 535) (1731, 845)
(1242, 535) (1487, 845) (1487, 535) (1732, 845)
(1242, 534) (1487, 844) (1487, 534) (1732, 844)
(1241, 534) (1486, 844) (1486, 534) (1731, 844)
(1242, 533) (1487, 843) (1487, 533) (1732, 843)
(1242, 535) (1487, 845) (1487, 535) (1732, 845)
(1241, 534) (1486, 844) (1486, 534) (1731, 844)
(1241, 535) (1486, 845) (1486, 535) (1731, 845)
(1243, 537) (1488, 847) (1488, 537) (1733, 847)
(1241, 535) (1486, 845) (1486, 535) (1731, 845)
(1241, 535) (1486, 845) (1486, 535) (1731, 845)
(1242, 535) (1487, 845) (1487, 535) (1732, 845)
(1241, 536) (1486, 846) (1486, 536) (1731, 846)
(1241, 536) (1486, 846) (1486, 536) (1731, 846)
(1241, 539) (1486, 849) (1486, 539) (1731, 849)
(1241, 538) (1486, 848) (1486, 538) (1731, 848)
(1241, 537) (1486, 847) (1486, 537) (1731, 847)
(1241, 538) (1486, 848) (1486, 538) (1731, 848)
(1241, 537) (1486, 847) (1486, 537) (1731, 847)
(1242, 537) (1487, 847) (1487, 537) (1732, 847)
(1241, 537) (1486, 847) (1486, 537) (1731, 847)
(1241, 538) (1486, 848) (1486, 538) (1731, 848)
(1241, 538) (1486, 848) (1486, 538) (1731, 848)
(1241, 537) (1486, 847) (1486, 537) (1731, 847)
(1241, 538) (1486, 848) (1486, 538) (1731, 848)
(1241, 537) (1486, 847) (1486, 537) (1731, 847)
(1241, 538) (1486, 848) (1486, 538) (1731, 848)
(1241, 537) (1486, 847) (1486, 537) (1731, 847)
(1241, 537) (1486, 847) (1486, 537) (1731, 847)
(1241, 538) (1486, 848) (1486, 538) (1731, 848)
(1227, 541) (1472, 851) (1472, 541) (1717, 851)
(1241, 540) (1486, 850) (1486, 540) (1731, 850)
(1239, 538) (1484, 848) (1484, 538) (1729, 848)
(1242, 538) (1487, 848) (1487, 538) (1732, 848)
(1241, 538) (1486, 848) (1486, 538) (1731, 848)
(1239, 539) (1484, 849) (1484, 539) (1729, 849)
(1241, 538) (1486, 848) (1486, 538) (1731, 848)
(1241, 539) (1486, 849) (1486, 539) (1731, 849)
(1241, 539) (1486, 849) (1486, 539) (1731, 849)
(1239, 538) (1484, 848) (1484, 538) (1729, 848)
(1241, 538) (1486, 848) (1486, 538) (1731, 848)
(1241, 538) (1486, 848) (1486, 538) (1731, 848)
(1241, 537) (1486, 847) (1486, 537) (1731, 847)
(1241, 538) (1486, 848) (1486, 538) (1731, 848)
(1240, 539) (1485, 849) (1485, 539) (1730, 849)
(1243, 539) (1488, 849) (1488, 539) (1733, 849)
(1240, 544) (1485, 854) (1485, 544) (1730, 854)
(1243, 539) (1488, 849) (1488, 539) (1733, 849)
(1243, 539) (1488, 849) (1488, 539) (1733, 849)
(1241, 539) (1486, 849) (1486, 539) (1731, 849)
(1241, 538) (1486, 848) (1486, 538) (1731, 848)
(1243, 539) (1488, 849) (1488, 539) (1733, 849)
(1242, 538) (1487, 848) (1487, 538) (1732, 848)
(1242, 537) (1487, 847) (1487, 537) (1732, 847)
(1241, 538) (1486, 848) (1486, 538) (1731, 848)
(1241, 537) (1486, 847) (1486, 537) (1731, 847)
(1243, 537) (1488, 847) (1488, 537) (1733, 847)
(1241, 538) (1486, 848) (1486, 538) (1731, 848)
(1242, 536) (1487, 846) (1487, 536) (1732, 846)
(1242, 537) (1487, 847) (1487, 537) (1732, 847)
(1242, 537) (1487, 847) (1487, 537) (1732, 847)
(1241, 537) (1486, 847) (1486, 537) (1731, 847)
(1243, 539) (1488, 849) (1488, 539) (1733, 849)
(1241, 538) (1486, 848) (1486, 538) (1731, 848)
(1242, 537) (1487, 847) (1487, 537) (1732, 847)
(1241, 537) (1486, 847) (1486, 537) (1731, 847)
(1241, 538) (1486, 848) (1486, 538) (1731, 848)
(1241, 537) (1486, 847) (1486, 537) (1731, 847)
(1241, 538) (1486, 848) (1486, 538) (1731, 848)
(1242, 538) (1487, 848) (1487, 538) (1732, 848)
(1243, 538) (1488, 848) (1488, 538) (1733, 848)
(1241, 537) (1486, 847) (1486, 537) (1731, 847)
(1241, 536) (1486, 846) (1486, 536) (1731, 846)
(1241, 537) (1486, 847) (1486, 537) (1731, 847)
(1241, 536) (1486, 846) (1486, 536) (1731, 846)
(1241, 536) (1486, 846) (1486, 536) (1731, 846)
(1241, 536) (1486, 846) (1486, 536) (1731, 846)
(1241, 538) (1486, 848) (1486, 538) (1731, 848)
(1242, 537) (1487, 847) (1487, 537) (1732, 847)
(1240, 537) (1485, 847) (1485, 537) (1730, 847)
(1241, 538) (1486, 848) (1486, 538) (1731, 848)
(1242, 537) (1487, 847) (1487, 537) (1732, 847)
(1241, 538) (1486, 848) (1486, 538) (1731, 848)
(1242, 538) (1487, 848) (1487, 538) (1732, 848)
(1241, 537) (1486, 847) (1486, 537) (1731, 847)
(1242, 538) (1487, 848) (1487, 538) (1732, 848)
(1241, 537) (1486, 847) (1486, 537) (1731, 847)
(1241, 537) (1486, 847) (1486, 537) (1731, 847)
(1241, 538) (1486, 848) (1486, 538) (1731, 848)
(1241, 538) (1486, 848) (1486, 538) (1731, 848)
(1241, 538) (1486, 848) (1486, 538) (1731, 848)
(1241, 538) (1486, 848) (1486, 538) (1731, 848)
(1241, 538) (1486, 848) (1486, 538) (1731, 848)
(1242, 539) (1487, 849) (1487, 539) (1732, 849)
(1242, 537) (1487, 847) (1487, 537) (1732, 847)
(1241, 538) (1486, 848) (1486, 538) (1731, 848)
(1241, 537) (1486, 847) (1486, 537) (1731, 847)
(1241, 537) (1486, 847) (1486, 537) (1731, 847)
(1241, 538) (1486, 848) (1486, 538) (1731, 848)
(1241, 537) (1486, 847) (1486, 537) (1731, 847)
(1242, 537) (1487, 847) (1487, 537) (1732, 847)
(1241, 537) (1486, 847) (1486, 537) (1731, 847)
(1241, 538) (1486, 848) (1486, 538) (1731, 848)
(1240, 536) (1485, 846) (1485, 536) (1730, 846)
(1241, 538) (1486, 848) (1486, 538) (1731, 848)
(1242, 537) (1487, 847) (1487, 537) (1732, 847)
(1243, 537) (1488, 847) (1488, 537) (1733, 847)
(1241, 537) (1486, 847) (1486, 537) (1731, 847)
(1241, 536) (1486, 846) (1486, 536) (1731, 846)
(1241, 536) (1486, 846) (1486, 536) (1731, 846)
(1241, 537) (1486, 847) (1486, 537) (1731, 847)
(1241, 537) (1486, 847) (1486, 537) (1731, 847)
(1241, 537) (1486, 847) (1486, 537) (1731, 847)
(1241, 536) (1486, 846) (1486, 536) (1731, 846)
(1241, 537) (1486, 847) (1486, 537) (1731, 847)
(1241, 538) (1486, 848) (1486, 538) (1731, 848)
(1241, 538) (1486, 848) (1486, 538) (1731, 848)
(1241, 537) (1486, 847) (1486, 537) (1731, 847)
(1241, 538) (1486, 848) (1486, 538) (1731, 848)
(1241, 537) (1486, 847) (1486, 537) (1731, 847)
(1242, 537) (1487, 847) (1487, 537) (1732, 847)
(1241, 537) (1486, 847) (1486, 537) (1731, 847)
(1241, 536) (1486, 846) (1486, 536) (1731, 846)
(1241, 537) (1486, 847) (1486, 537) (1731, 847)
(1241, 537) (1486, 847) (1486, 537) (1731, 847)
(1242, 537) (1487, 847) (1487, 537) (1732, 847)
(1241, 536) (1486, 846) (1486, 536) (1731, 846)
(1242, 537) (1487, 847) (1487, 537) (1732, 847)
(1241, 536) (1486, 846) (1486, 536) (1731, 846)
(1242, 537) (1487, 847) (1487, 537) (1732, 847)
(1242, 537) (1487, 847) (1487, 537) (1732, 847)
(1241, 537) (1486, 847) (1486, 537) (1731, 847)
(1241, 537) (1486, 847) (1486, 537) (1731, 847)
(1241, 537) (1486, 847) (1486, 537) (1731, 847)
(1241, 537) (1486, 847) (1486, 537) (1731, 847)
(1241, 536) (1486, 846) (1486, 536) (1731, 846)
(1241, 536) (1486, 846) (1486, 536) (1731, 846)
(1241, 537) (1486, 847) (1486, 537) (1731, 847)
(1241, 537) (1486, 847) (1486, 537) (1731, 847)
(1242, 538) (1487, 848) (1487, 538) (1732, 848)
(1241, 537) (1486, 847) (1486, 537) (1731, 847)
(1241, 537) (1486, 847) (1486, 537) (1731, 847)
(1241, 536) (1486, 846) (1486, 536) (1731, 846)
(1241, 537) (1486, 847) (1486, 537) (1731, 847)
(1242, 537) (1487, 847) (1487, 537) (1732, 847)
(1241, 537) (1486, 847) (1486, 537) (1731, 847)
(1241, 539) (1486, 849) (1486, 539) (1731, 849)
(1241, 538) (1486, 848) (1486, 538) (1731, 848)
(1241, 539) (1486, 849) (1486, 539) (1731, 849)
(1243, 536) (1488, 846) (1488, 536) (1733, 846)
(1241, 538) (1486, 848) (1486, 538) (1731, 848)
(1240, 536) (1485, 846) (1485, 536) (1730, 846)
(1241, 538) (1486, 848) (1486, 538) (1731, 848)
(1241, 538) (1486, 848) (1486, 538) (1731, 848)
(1258, 535) (1503, 845) (1503, 535) (1748, 845)
(1257, 535) (1502, 845) (1502, 535) (1747, 845)
(1257, 534) (1502, 844) (1502, 534) (1747, 844)
(1259, 535) (1504, 845) (1504, 535) (1749, 845)
(1257, 533) (1502, 843) (1502, 533) (1747, 843)
(1263, 534) (1508, 844) (1508, 534) (1753, 844)
(1265, 538) (1510, 848) (1510, 538) (1755, 848)
0
(1259, 534) (1504, 844) (1504, 534) (1749, 844)
(1253, 532) (1498, 842) (1498, 532) (1743, 842)
(1259, 535) (1504, 845) (1504, 535) (1749, 845)
(1259, 537) (1504, 847) (1504, 537) (1749, 847)
(1261, 536) (1506, 846) (1506, 536) (1751, 846)
(1261, 536) (1506, 846) (1506, 536) (1751, 846)
(1261, 535) (1506, 845) (1506, 535) (1751, 845)
(1263, 535) (1508, 845) (1508, 535) (1753, 845)
(1256, 535) (1501, 845) (1501, 535) (1746, 845)
(1251, 525) (1496, 835) (1496, 525) (1741, 835)
(1262, 534) (1507, 844) (1507, 534) (1752, 844)
(1261, 530) (1506, 840) (1506, 530) (1751, 840)
(1255, 530) (1500, 840) (1500, 530) (1745, 840)
(1257, 530) (1502, 840) (1502, 530) (1747, 840)
(1260, 531) (1505, 841) (1505, 531) (1750, 841)
(1247, 529) (1492, 839) (1492, 529) (1737, 839)
(1249, 530) (1494, 840) (1494, 530) (1739, 840)
(1223, 547) (1468, 857) (1468, 547) (1713, 857)
(1253, 529) (1498, 839) (1498, 529) (1743, 839)
(1255, 535) (1500, 845) (1500, 535) (1745, 845)
(1250, 542) (1495, 852) (1495, 542) (1740, 852)
(1253, 531) (1498, 841) (1498, 531) (1743, 841)
(1254, 532) (1499, 842) (1499, 532) (1744, 842)
(1253, 530) (1498, 840) (1498, 530) (1743, 840)
(1256, 537) (1501, 847) (1501, 537) (1746, 847)
(1251, 526) (1496, 836) (1496, 526) (1741, 836)
(1252, 529) (1497, 839) (1497, 529) (1742, 839)
(1255, 529) (1500, 839) (1500, 529) (1745, 839)
(1268, 531) (1513, 841) (1513, 531) (1758, 841)
(1268, 526) (1513, 836) (1513, 526) (1758, 836)
(1270, 528) (1515, 838) (1515, 528) (1760, 838)
(1247, 530) (1492, 840) (1492, 530) (1737, 840)
(1261, 534) (1506, 844) (1506, 534) (1751, 844)
(1249, 530) (1494, 840) (1494, 530) (1739, 840)
(1257, 530) (1502, 840) (1502, 530) (1747, 840)
(1255, 534) (1500, 844) (1500, 534) (1745, 844)
(1259, 532) (1504, 842) (1504, 532) (1749, 842)
(1259, 533) (1504, 843) (1504, 533) (1749, 843)
(1257, 534) (1502, 844) (1502, 534) (1747, 844)
(1255, 534) (1500, 844) (1500, 534) (1745, 844)
(1257, 535) (1502, 845) (1502, 535) (1747, 845)
(1256, 537) (1501, 847) (1501, 537) (1746, 847)
(1255, 537) (1500, 847) (1500, 537) (1745, 847)
(1255, 528) (1500, 838) (1500, 528) (1745, 838)
(1249, 530) (1494, 840) (1494, 530) (1739, 840)
(1247, 530) (1492, 840) (1492, 530) (1737, 840)
(1250, 527) (1495, 837) (1495, 527) (1740, 837)
(1253, 530) (1498, 840) (1498, 530) (1743, 840)
(1251, 530) (1496, 840) (1496, 530) (1741, 840)
(1252, 529) (1497, 839) (1497, 529) (1742, 839)
(1249, 530) (1494, 840) (1494, 530) (1739, 840)
(1253, 532) (1498, 842) (1498, 532) (1743, 842)
(1251, 532) (1496, 842) (1496, 532) (1741, 842)
(1247, 529) (1492, 839) (1492, 529) (1737, 839)
(1250, 530) (1495, 840) (1495, 530) (1740, 840)
(1252, 530) (1497, 840) (1497, 530) (1742, 840)
(1253, 529) (1498, 839) (1498, 529) (1743, 839)
(1245, 532) (1490, 842) (1490, 532) (1735, 842)
(1249, 533) (1494, 843) (1494, 533) (1739, 843)
(1248, 533) (1493, 843) (1493, 533) (1738, 843)
(1247, 534) (1492, 844) (1492, 534) (1737, 844)
(1249, 531) (1494, 841) (1494, 531) (1739, 841)
(1250, 533) (1495, 843) (1495, 533) (1740, 843)
(1259, 531) (1504, 841) (1504, 531) (1749, 841)
(1259, 536) (1504, 846) (1504, 536) (1749, 846)
(1261, 536) (1506, 846) (1506, 536) (1751, 846)
(1260, 538) (1505, 848) (1505, 538) (1750, 848)
(1249, 536) (1494, 846) (1494, 536) (1739, 846)
(1246, 535) (1491, 845) (1491, 535) (1736, 845)
(1248, 533) (1493, 843) (1493, 533) (1738, 843)
(1247, 536) (1492, 846) (1492, 536) (1737, 846)
(1245, 536) (1490, 846) (1490, 536) (1735, 846)
(1097, 422) (1342, 732) (1342, 422) (1587, 732)
(1096, 423) (1341, 733) (1341, 423) (1586, 733)
(1097, 423) (1342, 733) (1342, 423) (1587, 733)
(1098, 423) (1343, 733) (1343, 423) (1588, 733)
(1099, 422) (1344, 732) (1344, 422) (1589, 732)
(1095, 422) (1340, 732) (1340, 422) (1585, 732)
(1106, 428) (1351, 738) (1351, 428) (1596, 738)
(1103, 429) (1348, 739) (1348, 429) (1593, 739)
(1097, 427) (1342, 737) (1342, 427) (1587, 737)
(1100, 425) (1345, 735) (1345, 425) (1590, 735)
(1099, 426) (1344, 736) (1344, 426) (1589, 736)
(1099, 424) (1344, 734) (1344, 424) (1589, 734)
(1097, 424) (1342, 734) (1342, 424) (1587, 734)
(1101, 425) (1346, 735) (1346, 425) (1591, 735)
(1099, 424) (1344, 734) (1344, 424) (1589, 734)
(1098, 424) (1343, 734) (1343, 424) (1588, 734)
(1105, 427) (1350, 737) (1350, 427) (1595, 737)
(1098, 424) (1343, 734) (1343, 424) (1588, 734)
(1103, 424) (1348, 734) (1348, 424) (1593, 734)
(1101, 423) (1346, 733) (1346, 423) (1591, 733)
(1101, 424) (1346, 734) (1346, 424) (1591, 734)
(1101, 423) (1346, 733) (1346, 423) (1591, 733)
(1101, 423) (1346, 733) (1346, 423) (1591, 733)
(1098, 423) (1343, 733) (1343, 423) (1588, 733)
(1101, 423) (1346, 733) (1346, 423) (1591, 733)
(1101, 423) (1346, 733) (1346, 423) (1591, 733)
(1106, 425) (1351, 735) (1351, 425) (1596, 735)
(1107, 426) (1352, 736) (1352, 426) (1597, 736)
(1105, 426) (1350, 736) (1350, 426) (1595, 736)
(1103, 425) (1348, 735) (1348, 425) (1593, 735)
(1103, 426) (1348, 736) (1348, 426) (1593, 736)
(1105, 426) (1350, 736) (1350, 426) (1595, 736)
(1105, 425) (1350, 735) (1350, 425) (1595, 735)
(1107, 425) (1352, 735) (1352, 425) (1597, 735)
(1105, 425) (1350, 735) (1350, 425) (1595, 735)
(1105, 428) (1350, 738) (1350, 428) (1595, 738)
(1103, 428) (1348, 738) (1348, 428) (1593, 738)
(1104, 428) (1349, 738) (1349, 428) (1594, 738)
(1104, 427) (1349, 737) (1349, 427) (1594, 737)
(1103, 427) (1348, 737) (1348, 427) (1593, 737)
(1107, 426) (1352, 736) (1352, 426) (1597, 736)
(1105, 427) (1350, 737) (1350, 427) (1595, 737)
(1107, 427) (1352, 737) (1352, 427) (1597, 737)
(1107, 427) (1352, 737) (1352, 427) (1597, 737)
(1105, 426) (1350, 736) (1350, 426) (1595, 736)
(1103, 427) (1348, 737) (1348, 427) (1593, 737)
(1103, 426) (1348, 736) (1348, 426) (1593, 736)
(1105, 426) (1350, 736) (1350, 426) (1595, 736)
(1105, 425) (1350, 735) (1350, 425) (1595, 735)
(1103, 426) (1348, 736) (1348, 426) (1593, 736)
(1104, 426) (1349, 736) (1349, 426) (1594, 736)
(1102, 427) (1347, 737) (1347, 427) (1592, 737)
(1103, 424) (1348, 734) (1348, 424) (1593, 734)
(1105, 425) (1350, 735) (1350, 425) (1595, 735)
(1105, 425) (1350, 735) (1350, 425) (1595, 735)
(1103, 425) (1348, 735) (1348, 425) (1593, 735)
(1103, 425) (1348, 735) (1348, 425) (1593, 735)
(1103, 425) (1348, 735) (1348, 425) (1593, 735)
(1103, 425) (1348, 735) (1348, 425) (1593, 735)
(1103, 426) (1348, 736) (1348, 426) (1593, 736)
(1103, 426) (1348, 736) (1348, 426) (1593, 736)
(1101, 426) (1346, 736) (1346, 426) (1591, 736)
(1103, 428) (1348, 738) (1348, 428) (1593, 738)
(1097, 426) (1342, 736) (1342, 426) (1587, 736)
(1097, 426) (1342, 736) (1342, 426) (1587, 736)
(1096, 426) (1341, 736) (1341, 426) (1586, 736)
(1098, 427) (1343, 737) (1343, 427) (1588, 737)
(1097, 428) (1342, 738) (1342, 428) (1587, 738)
(1097, 427) (1342, 737) (1342, 427) (1587, 737)
(1097, 427) (1342, 737) (1342, 427) (1587, 737)
(1097, 426) (1342, 736) (1342, 426) (1587, 736)
(1099, 427) (1344, 737) (1344, 427) (1589, 737)
(1098, 420) (1343, 730) (1343, 420) (1588, 730)
(1093, 420) (1338, 730) (1338, 420) (1583, 730)
(1095, 420) (1340, 730) (1340, 420) (1585, 730)
(1094, 421) (1339, 731) (1339, 421) (1584, 731)
(1095, 421) (1340, 731) (1340, 421) (1585, 731)
(1094, 421) (1339, 731) (1339, 421) (1584, 731)
(1095, 420) (1340, 730) (1340, 420) (1585, 730)
(1094, 419) (1339, 729) (1339, 419) (1584, 729)
(1093, 420) (1338, 730) (1338, 420) (1583, 730)
(1093, 419) (1338, 729) (1338, 419) (1583, 729)
(1093, 419) (1338, 729) (1338, 419) (1583, 729)
(1093, 418) (1338, 728) (1338, 418) (1583, 728)
(1093, 418) (1338, 728) (1338, 418) (1583, 728)
(1093, 417) (1338, 727) (1338, 417) (1583, 727)
(1094, 417) (1339, 727) (1339, 417) (1584, 727)
(1091, 417) (1336, 727) (1336, 417) (1581, 727)
(1093, 417) (1338, 727) (1338, 417) (1583, 727)
(1094, 417) (1339, 727) (1339, 417) (1584, 727)
(1092, 418) (1337, 728) (1337, 418) (1582, 728)
(1091, 421) (1336, 731) (1336, 421) (1581, 731)
(1093, 419) (1338, 729) (1338, 419) (1583, 729)
(1093, 419) (1338, 729) (1338, 419) (1583, 729)
(1091, 419) (1336, 729) (1336, 419) (1581, 729)
(1091, 420) (1336, 730) (1336, 420) (1581, 730)
(1091, 419) (1336, 729) (1336, 419) (1581, 729)
(1091, 420) (1336, 730) (1336, 420) (1581, 730)
(1094, 420) (1339, 730) (1339, 420) (1584, 730)
(1091, 421) (1336, 731) (1336, 421) (1581, 731)
(1091, 419) (1336, 729) (1336, 419) (1581, 729)
(1091, 420) (1336, 730) (1336, 420) (1581, 730)
(1092, 420) (1337, 730) (1337, 420) (1582, 730)
(1093, 419) (1338, 729) (1338, 419) (1583, 729)
(1091, 419) (1336, 729) (1336, 419) (1581, 729)
(1092, 419) (1337, 729) (1337, 419) (1582, 729)
(1091, 419) (1336, 729) (1336, 419) (1581, 729)
(1091, 419) (1336, 729) (1336, 419) (1581, 729)
(1092, 419) (1337, 729) (1337, 419) (1582, 729)
(1093, 418) (1338, 728) (1338, 418) (1583, 728)
(1091, 419) (1336, 729) (1336, 419) (1581, 729)
(1082, 410) (1327, 720) (1327, 410) (1572, 720)
(1081, 410) (1326, 720) (1326, 410) (1571, 720)
(1091, 419) (1336, 729) (1336, 419) (1581, 729)
(1091, 419) (1336, 729) (1336, 419) (1581, 729)
(1081, 410) (1326, 720) (1326, 410) (1571, 720)
(1091, 420) (1336, 730) (1336, 420) (1581, 730)
(1091, 419) (1336, 729) (1336, 419) (1581, 729)
(1091, 420) (1336, 730) (1336, 420) (1581, 730)
(1095, 420) (1340, 730) (1340, 420) (1585, 730)
(1094, 421) (1339, 731) (1339, 421) (1584, 731)
(1093, 419) (1338, 729) (1338, 419) (1583, 729)
(1096, 419) (1341, 729) (1341, 419) (1586, 729)
(1095, 420) (1340, 730) (1340, 420) (1585, 730)
(1093, 421) (1338, 731) (1338, 421) (1583, 731)
(1095, 420) (1340, 730) (1340, 420) (1585, 730)
(1095, 420) (1340, 730) (1340, 420) (1585, 730)
(1095, 420) (1340, 730) (1340, 420) (1585, 730)
(1095, 419) (1340, 729) (1340, 419) (1585, 729)
(1097, 420) (1342, 730) (1342, 420) (1587, 730)
(1096, 416) (1341, 726) (1341, 416) (1586, 726)
(1111, 414) (1356, 724) (1356, 414) (1601, 724)
(1099, 417) (1344, 727) (1344, 417) (1589, 727)
(1101, 419) (1346, 729) (1346, 419) (1591, 729)
(1097, 418) (1342, 728) (1342, 418) (1587, 728)
(1097, 418) (1342, 728) (1342, 418) (1587, 728)
(1093, 421) (1338, 731) (1338, 421) (1583, 731)
(1097, 421) (1342, 731) (1342, 421) (1587, 731)
(1097, 420) (1342, 730) (1342, 420) (1587, 730)
(1101, 426) (1346, 736) (1346, 426) (1591, 736)
(1102, 425) (1347, 735) (1347, 425) (1592, 735)
(1099, 424) (1344, 734) (1344, 424) (1589, 734)
(1103, 423) (1348, 733) (1348, 423) (1593, 733)
(1103, 425) (1348, 735) (1348, 425) (1593, 735)
(1101, 424) (1346, 734) (1346, 424) (1591, 734)
(1105, 424) (1350, 734) (1350, 424) (1595, 734)
(1102, 425) (1347, 735) (1347, 425) (1592, 735)
(1101, 423) (1346, 733) (1346, 423) (1591, 733)
(1099, 423) (1344, 733) (1344, 423) (1589, 733)
(1102, 424) (1347, 734) (1347, 424) (1592, 734)
(1099, 422) (1344, 732) (1344, 422) (1589, 732)
(1099, 421) (1344, 731) (1344, 421) (1589, 731)
(1098, 420) (1343, 730) (1343, 420) (1588, 730)
(1099, 421) (1344, 731) (1344, 421) (1589, 731)
(1099, 421) (1344, 731) (1344, 421) (1589, 731)
(1105, 422) (1350, 732) (1350, 422) (1595, 732)
(1103, 422) (1348, 732) (1348, 422) (1593, 732)
(1102, 421) (1347, 731) (1347, 421) (1592, 731)
(1104, 421) (1349, 731) (1349, 421) (1594, 731)
(1101, 421) (1346, 731) (1346, 421) (1591, 731)
(1103, 421) (1348, 731) (1348, 421) (1593, 731)
(1105, 422) (1350, 732) (1350, 422) (1595, 732)
(1105, 423) (1350, 733) (1350, 423) (1595, 733)
(1109, 419) (1354, 729) (1354, 419) (1599, 729)
(1103, 423) (1348, 733) (1348, 423) (1593, 733)
(1105, 423) (1350, 733) (1350, 423) (1595, 733)
(1103, 424) (1348, 734) (1348, 424) (1593, 734)
(1102, 422) (1347, 732) (1347, 422) (1592, 732)
(1100, 424) (1345, 734) (1345, 424) (1590, 734)
(1102, 424) (1347, 734) (1347, 424) (1592, 734)
(1100, 422) (1345, 732) (1345, 422) (1590, 732)
(1100, 424) (1345, 734) (1345, 424) (1590, 734)
(1093, 424) (1338, 734) (1338, 424) (1583, 734)
(1097, 419) (1342, 729) (1342, 419) (1587, 729)
(1097, 421) (1342, 731) (1342, 421) (1587, 731)
(1097, 420) (1342, 730) (1342, 420) (1587, 730)
(1098, 422) (1343, 732) (1343, 422) (1588, 732)
(1097, 422) (1342, 732) (1342, 422) (1587, 732)
(1096, 422) (1341, 732) (1341, 422) (1586, 732)
(1097, 423) (1342, 733) (1342, 423) (1587, 733)
(1098, 420) (1343, 730) (1343, 420) (1588, 730)
(1096, 421) (1341, 731) (1341, 421) (1586, 731)
(1097, 422) (1342, 732) (1342, 422) (1587, 732)
(1097, 422) (1342, 732) (1342, 422) (1587, 732)
(1095, 423) (1340, 733) (1340, 423) (1585, 733)
(1095, 423) (1340, 733) (1340, 423) (1585, 733)
(1095, 423) (1340, 733) (1340, 423) (1585, 733)
(1097, 422) (1342, 732) (1342, 422) (1587, 732)
(1105, 417) (1350, 727) (1350, 417) (1595, 727)
(1097, 416) (1342, 726) (1342, 416) (1587, 726)
(1099, 416) (1344, 726) (1344, 416) (1589, 726)
(1099, 418) (1344, 728) (1344, 418) (1589, 728)
(1097, 420) (1342, 730) (1342, 420) (1587, 730)
(1097, 417) (1342, 727) (1342, 417) (1587, 727)
(1097, 419) (1342, 729) (1342, 419) (1587, 729)
(1098, 418) (1343, 728) (1343, 418) (1588, 728)
(1095, 419) (1340, 729) (1340, 419) (1585, 729)
(1098, 417) (1343, 727) (1343, 417) (1588, 727)
(1097, 419) (1342, 729) (1342, 419) (1587, 729)
(1095, 421) (1340, 731) (1340, 421) (1585, 731)
(1097, 420) (1342, 730) (1342, 420) (1587, 730)
(1096, 419) (1341, 729) (1341, 419) (1586, 729)
(1096, 420) (1341, 730) (1341, 420) (1586, 730)
(1095, 419) (1340, 729) (1340, 419) (1585, 729)
(1094, 420) (1339, 730) (1339, 420) (1584, 730)
(1095, 421) (1340, 731) (1340, 421) (1585, 731)
(1095, 421) (1340, 731) (1340, 421) (1585, 731)
(1098, 419) (1343, 729) (1343, 419) (1588, 729)
(1098, 419) (1343, 729) (1343, 419) (1588, 729)
(1101, 417) (1346, 727) (1346, 417) (1591, 727)
(1101, 418) (1346, 728) (1346, 418) (1591, 728)
(1102, 418) (1347, 728) (1347, 418) (1592, 728)
(1098, 420) (1343, 730) (1343, 420) (1588, 730)
(1097, 417) (1342, 727) (1342, 417) (1587, 727)
(1081, 412) (1326, 722) (1326, 412) (1571, 722)
(1082, 411) (1327, 721) (1327, 411) (1572, 721)
(1094, 418) (1339, 728) (1339, 418) (1584, 728)
(1092, 418) (1337, 728) (1337, 418) (1582, 728)
(1093, 420) (1338, 730) (1338, 420) (1583, 730)
(1093, 419) (1338, 729) (1338, 419) (1583, 729)
(1094, 420) (1339, 730) (1339, 420) (1584, 730)
(1096, 418) (1341, 728) (1341, 418) (1586, 728)
(1097, 421) (1342, 731) (1342, 421) (1587, 731)
(1095, 421) (1340, 731) (1340, 421) (1585, 731)
(1093, 420) (1338, 730) (1338, 420) (1583, 730)
(1091, 423) (1336, 733) (1336, 423) (1581, 733)
(1081, 413) (1326, 723) (1326, 413) (1571, 723)
(1081, 417) (1326, 727) (1326, 417) (1571, 727)
(1081, 416) (1326, 726) (1326, 416) (1571, 726)
(1081, 416) (1326, 726) (1326, 416) (1571, 726)
(1081, 415) (1326, 725) (1326, 415) (1571, 725)
(1081, 415) (1326, 725) (1326, 415) (1571, 725)
(1081, 415) (1326, 725) (1326, 415) (1571, 725)
(1081, 415) (1326, 725) (1326, 415) (1571, 725)
(1081, 415) (1326, 725) (1326, 415) (1571, 725)
(1081, 414) (1326, 724) (1326, 414) (1571, 724)
(1081, 414) (1326, 724) (1326, 414) (1571, 724)
(1081, 414) (1326, 724) (1326, 414) (1571, 724)
(1082, 413) (1327, 723) (1327, 413) (1572, 723)
(1081, 414) (1326, 724) (1326, 414) (1571, 724)
(1082, 414) (1327, 724) (1327, 414) (1572, 724)
(1081, 415) (1326, 725) (1326, 415) (1571, 725)
(1081, 416) (1326, 726) (1326, 416) (1571, 726)
(1082, 413) (1327, 723) (1327, 413) (1572, 723)
(1081, 414) (1326, 724) (1326, 414) (1571, 724)
(1082, 413) (1327, 723) (1327, 413) (1572, 723)
(1081, 412) (1326, 722) (1326, 412) (1571, 722)
(1081, 414) (1326, 724) (1326, 414) (1571, 724)
(1081, 415) (1326, 725) (1326, 415) (1571, 725)
(1082, 415) (1327, 725) (1327, 415) (1572, 725)
(1081, 419) (1326, 729) (1326, 419) (1571, 729)
(1081, 414) (1326, 724) (1326, 414) (1571, 724)
(1081, 414) (1326, 724) (1326, 414) (1571, 724)
(1081, 413) (1326, 723) (1326, 413) (1571, 723)
(1081, 415) (1326, 725) (1326, 415) (1571, 725)
(1081, 415) (1326, 725) (1326, 415) (1571, 725)
(1080, 418) (1325, 728) (1325, 418) (1570, 728)
(1081, 415) (1326, 725) (1326, 415) (1571, 725)
(1081, 414) (1326, 724) (1326, 414) (1571, 724)
(1081, 415) (1326, 725) (1326, 415) (1571, 725)
(1081, 415) (1326, 725) (1326, 415) (1571, 725)
(1081, 415) (1326, 725) (1326, 415) (1571, 725)
(1081, 414) (1326, 724) (1326, 414) (1571, 724)
(1079, 413) (1324, 723) (1324, 413) (1569, 723)
(1079, 415) (1324, 725) (1324, 415) (1569, 725)
(1079, 415) (1324, 725) (1324, 415) (1569, 725)
(1080, 412) (1325, 722) (1325, 412) (1570, 722)
(1079, 414) (1324, 724) (1324, 414) (1569, 724)
(1079, 414) (1324, 724) (1324, 414) (1569, 724)
(1079, 415) (1324, 725) (1324, 415) (1569, 725)
(1080, 415) (1325, 725) (1325, 415) (1570, 725)
(1079, 415) (1324, 725) (1324, 415) (1569, 725)
(1080, 413) (1325, 723) (1325, 413) (1570, 723)
(1079, 415) (1324, 725) (1324, 415) (1569, 725)
(1079, 415) (1324, 725) (1324, 415) (1569, 725)
(1081, 413) (1326, 723) (1326, 413) (1571, 723)
(1079, 417) (1324, 727) (1324, 417) (1569, 727)
(1079, 415) (1324, 725) (1324, 415) (1569, 725)
(1080, 416) (1325, 726) (1325, 416) (1570, 726)
(1079, 415) (1324, 725) (1324, 415) (1569, 725)
(1079, 417) (1324, 727) (1324, 417) (1569, 727)
(1080, 417) (1325, 727) (1325, 417) (1570, 727)
(1079, 417) (1324, 727) (1324, 417) (1569, 727)
(1080, 418) (1325, 728) (1325, 418) (1570, 728)
(1080, 417) (1325, 727) (1325, 417) (1570, 727)
(1079, 415) (1324, 725) (1324, 415) (1569, 725)
(1081, 414) (1326, 724) (1326, 414) (1571, 724)
(1081, 412) (1326, 722) (1326, 412) (1571, 722)
(1082, 413) (1327, 723) (1327, 413) (1572, 723)
(1091, 421) (1336, 731) (1336, 421) (1581, 731)
(1081, 412) (1326, 722) (1326, 412) (1571, 722)
(1081, 412) (1326, 722) (1326, 412) (1571, 722)
(1082, 412) (1327, 722) (1327, 412) (1572, 722)
(1081, 413) (1326, 723) (1326, 413) (1571, 723)
(1082, 412) (1327, 722) (1327, 412) (1572, 722)
(1081, 412) (1326, 722) (1326, 412) (1571, 722)
(1082, 411) (1327, 721) (1327, 411) (1572, 721)
(1082, 414) (1327, 724) (1327, 414) (1572, 724)
(1081, 413) (1326, 723) (1326, 413) (1571, 723)
(1083, 412) (1328, 722) (1328, 412) (1573, 722)
(1082, 412) (1327, 722) (1327, 412) (1572, 722)
(1093, 420) (1338, 730) (1338, 420) (1583, 730)
(1091, 418) (1336, 728) (1336, 418) (1581, 728)
(1093, 419) (1338, 729) (1338, 419) (1583, 729)
(1082, 411) (1327, 721) (1327, 411) (1572, 721)
(1081, 414) (1326, 724) (1326, 414) (1571, 724)
(1082, 412) (1327, 722) (1327, 412) (1572, 722)
(1081, 410) (1326, 720) (1326, 410) (1571, 720)
(1092, 420) (1337, 730) (1337, 420) (1582, 730)
(1082, 409) (1327, 719) (1327, 409) (1572, 719)
(1081, 411) (1326, 721) (1326, 411) (1571, 721)
(1082, 409) (1327, 719) (1327, 409) (1572, 719)
(1092, 419) (1337, 729) (1337, 419) (1582, 729)
(1091, 416) (1336, 726) (1336, 416) (1581, 726)
(1082, 410) (1327, 720) (1327, 410) (1572, 720)
(1082, 410) (1327, 720) (1327, 410) (1572, 720)
