(127, 535) (372, 845) (372, 535) (617, 845)
(1241, 540) (1486, 850) (1486, 540) (1731, 850)
(1241, 539) (1486, 849) (1486, 539) (1731, 849)
(1241, 540) (1486, 850) (1486, 540) (1731, 850)
(1227, 550) (1472, 860) (1472, 550) (1717, 860)
(1243, 539) (1488, 849) (1488, 539) (1733, 849)
(1243, 540) (1488, 850) (1488, 540) (1733, 850)
(1243, 539) (1488, 849) (1488, 539) (1733, 849)
(1244, 540) (1489, 850) (1489, 540) (1734, 850)
(1241, 538) (1486, 848) (1486, 538) (1731, 848)
(1243, 539) (1488, 849) (1488, 539) (1733, 849)
(1243, 540) (1488, 850) (1488, 540) (1733, 850)
(1244, 538) (1489, 848) (1489, 538) (1734, 848)
(1244, 539) (1489, 849) (1489, 539) (1734, 849)
(1244, 539) (1489, 849) (1489, 539) (1734, 849)
(1245, 540) (1490, 850) (1490, 540) (1735, 850)
(1245, 543) (1490, 853) (1490, 543) (1735, 853)
(1248, 542) (1493, 852) (1493, 542) (1738, 852)
(1247, 543) (1492, 853) (1492, 543) (1737, 853)
(1249, 542) (1494, 852) (1494, 542) (1739, 852)
(1248, 541) (1493, 851) (1493, 541) (1738, 851)
(1246, 543) (1491, 853) (1491, 543) (1736, 853)
(1247, 543) (1492, 853) (1492, 543) (1737, 853)
(1247, 543) (1492, 853) (1492, 543) (1737, 853)
(1247, 541) (1492, 851) (1492, 541) (1737, 851)
(1247, 541) (1492, 851) (1492, 541) (1737, 851)
(1249, 543) (1494, 853) (1494, 543) (1739, 853)
(1247, 542) (1492, 852) (1492, 542) (1737, 852)
(1247, 542) (1492, 852) (1492, 542) (1737, 852)
(1247, 543) (1492, 853) (1492, 543) (1737, 853)
(1247, 541) (1492, 851) (1492, 541) (1737, 851)
(1243, 545) (1488, 855) (1488, 545) (1733, 855)
(1247, 544) (1492, 854) (1492, 544) (1737, 854)
(1249, 544) (1494, 854) (1494, 544) (1739, 854)
(1247, 545) (1492, 855) (1492, 545) (1737, 855)
(1248, 545) (1493, 855) (1493, 545) (1738, 855)
(1249, 546) (1494, 856) (1494, 546) (1739, 856)
(1248, 544) (1493, 854) (1493, 544) (1738, 854)
(1247, 546) (1492, 856) (1492, 546) (1737, 856)
(1247, 548) (1492, 858) (1492, 548) (1737, 858)
(1249, 545) (1494, 855) (1494, 545) (1739, 855)
(1248, 544) (1493, 854) (1493, 544) (1738, 854)
(1249, 544) (1494, 854) (1494, 544) (1739, 854)
(1249, 545) (1494, 855) (1494, 545) (1739, 855)
(1249, 544) (1494, 854) (1494, 544) (1739, 854)
(1247, 544) (1492, 854) (1492, 544) (1737, 854)
(1247, 544) (1492, 854) (1492, 544) (1737, 854)
(1249, 546) (1494, 856) (1494, 546) (1739, 856)
(1249, 548) (1494, 858) (1494, 548) (1739, 858)
(1250, 549) (1495, 859) (1495, 549) (1740, 859)
(1250, 551) (1495, 861) (1495, 551) (1740, 861)
(1249, 549) (1494, 859) (1494, 549) (1739, 859)
(1249, 549) (1494, 859) (1494, 549) (1739, 859)
(1249, 550) (1494, 860) (1494, 550) (1739, 860)
(1249, 550) (1494, 860) (1494, 550) (1739, 860)
(1250, 550) (1495, 860) (1495, 550) (1740, 860)
(1249, 549) (1494, 859) (1494, 549) (1739, 859)
(1249, 553) (1494, 863) (1494, 553) (1739, 863)
(1249, 550) (1494, 860) (1494, 550) (1739, 860)
(1250, 552) (1495, 862) (1495, 552) (1740, 862)
(1249, 550) (1494, 860) (1494, 550) (1739, 860)
(1249, 549) (1494, 859) (1494, 549) (1739, 859)
(1249, 549) (1494, 859) (1494, 549) (1739, 859)
(1249, 553) (1494, 863) (1494, 553) (1739, 863)
(1247, 547) (1492, 857) (1492, 547) (1737, 857)
(1247, 549) (1492, 859) (1492, 549) (1737, 859)
(1246, 548) (1491, 858) (1491, 548) (1736, 858)
(1248, 549) (1493, 859) (1493, 549) (1738, 859)
(1247, 550) (1492, 860) (1492, 550) (1737, 860)
(1247, 546) (1492, 856) (1492, 546) (1737, 856)
(1247, 546) (1492, 856) (1492, 546) (1737, 856)
(1245, 547) (1490, 857) (1490, 547) (1735, 857)
(1245, 546) (1490, 856) (1490, 546) (1735, 856)
(1247, 547) (1492, 857) (1492, 547) (1737, 857)
(1246, 545) (1491, 855) (1491, 545) (1736, 855)
(1247, 546) (1492, 856) (1492, 546) (1737, 856)
(1245, 546) (1490, 856) (1490, 546) (1735, 856)
(1245, 544) (1490, 854) (1490, 544) (1735, 854)
(1249, 546) (1494, 856) (1494, 546) (1739, 856)
(1247, 543) (1492, 853) (1492, 543) (1737, 853)
(1247, 551) (1492, 861) (1492, 551) (1737, 861)
(1247, 544) (1492, 854) (1492, 544) (1737, 854)
(1247, 543) (1492, 853) (1492, 543) (1737, 853)
(1245, 547) (1490, 857) (1490, 547) (1735, 857)
(1245, 544) (1490, 854) (1490, 544) (1735, 854)
(1247, 545) (1492, 855) (1492, 545) (1737, 855)
(1247, 544) (1492, 854) (1492, 544) (1737, 854)
(1247, 545) (1492, 855) (1492, 545) (1737, 855)
(1246, 545) (1491, 855) (1491, 545) (1736, 855)
(1247, 548) (1492, 858) (1492, 548) (1737, 858)
(1247, 545) (1492, 855) (1492, 545) (1737, 855)
(1246, 545) (1491, 855) (1491, 545) (1736, 855)
(1247, 545) (1492, 855) (1492, 545) (1737, 855)
(1247, 545) (1492, 855) (1492, 545) (1737, 855)
(1252, 551) (1497, 861) (1497, 551) (1742, 861)
(1247, 545) (1492, 855) (1492, 545) (1737, 855)
(1245, 548) (1490, 858) (1490, 548) (1735, 858)
(1246, 544) (1491, 854) (1491, 544) (1736, 854)
(1248, 546) (1493, 856) (1493, 546) (1738, 856)
(1248, 547) (1493, 857) (1493, 547) (1738, 857)
(1247, 545) (1492, 855) (1492, 545) (1737, 855)
(1248, 546) (1493, 856) (1493, 546) (1738, 856)
(1247, 544) (1492, 854) (1492, 544) (1737, 854)
(1247, 546) (1492, 856) (1492, 546) (1737, 856)
(1247, 544) (1492, 854) (1492, 544) (1737, 854)
(1247, 543) (1492, 853) (1492, 543) (1737, 853)
(1247, 545) (1492, 855) (1492, 545) (1737, 855)
(1247, 545) (1492, 855) (1492, 545) (1737, 855)
(1247, 545) (1492, 855) (1492, 545) (1737, 855)
(1247, 545) (1492, 855) (1492, 545) (1737, 855)
(1241, 535) (1486, 845) (1486, 535) (1731, 845)
(1257, 541) (1502, 851) (1502, 541) (1747, 851)
(1251, 539) (1496, 849) (1496, 539) (1741, 849)
(1250, 537) (1495, 847) (1495, 537) (1740, 847)
(1251, 538) (1496, 848) (1496, 538) (1741, 848)
(1251, 534) (1496, 844) (1496, 534) (1741, 844)
(1248, 535) (1493, 845) (1493, 535) (1738, 845)
(1255, 535) (1500, 845) (1500, 535) (1745, 845)
(1253, 534) (1498, 844) (1498, 534) (1743, 844)
(1252, 532) (1497, 842) (1497, 532) (1742, 842)
(1253, 533) (1498, 843) (1498, 533) (1743, 843)
(1257, 534) (1502, 844) (1502, 534) (1747, 844)
(1255, 534) (1500, 844) (1500, 534) (1745, 844)
(1255, 536) (1500, 846) (1500, 536) (1745, 846)
(1255, 534) (1500, 844) (1500, 534) (1745, 844)
(1257, 535) (1502, 845) (1502, 535) (1747, 845)
(1251, 533) (1496, 843) (1496, 533) (1741, 843)
(1247, 535) (1492, 845) (1492, 535) (1737, 845)
(1245, 535) (1490, 845) (1490, 535) (1735, 845)
(1245, 534) (1490, 844) (1490, 534) (1735, 844)
(1245, 534) (1490, 844) (1490, 534) (1735, 844)
(1244, 534) (1489, 844) (1489, 534) (1734, 844)
(1245, 534) (1490, 844) (1490, 534) (1735, 844)
(1244, 534) (1489, 844) (1489, 534) (1734, 844)
(1245, 536) (1490, 846) (1490, 536) (1735, 846)
(1243, 536) (1488, 846) (1488, 536) (1733, 846)
(1243, 534) (1488, 844) (1488, 534) (1733, 844)
(1245, 535) (1490, 845) (1490, 535) (1735, 845)
(1244, 534) (1489, 844) (1489, 534) (1734, 844)
(1245, 535) (1490, 845) (1490, 535) (1735, 845)
(1245, 534) (1490, 844) (1490, 534) (1735, 844)
(1245, 534) (1490, 844) (1490, 534) (1735, 844)
(1246, 536) (1491, 846) (1491, 536) (1736, 846)
(1243, 536) (1488, 846) (1488, 536) (1733, 846)
(1244, 534) (1489, 844) (1489, 534) (1734, 844)
(1243, 534) (1488, 844) (1488, 534) (1733, 844)
(1243, 534) (1488, 844) (1488, 534) (1733, 844)
(1245, 533) (1490, 843) (1490, 533) (1735, 843)
(1243, 534) (1488, 844) (1488, 534) (1733, 844)
(1243, 535) (1488, 845) (1488, 535) (1733, 845)
(1243, 534) (1488, 844) (1488, 534) (1733, 844)
(1243, 534) (1488, 844) (1488, 534) (1733, 844)
(1243, 535) (1488, 845) (1488, 535) (1733, 845)
(1243, 534) (1488, 844) (1488, 534) (1733, 844)
(1243, 534) (1488, 844) (1488, 534) (1733, 844)
(1243, 533) (1488, 843) (1488, 533) (1733, 843)
(1243, 535) (1488, 845) (1488, 535) (1733, 845)
(1244, 541) (1489, 851) (1489, 541) (1734, 851)
(1243, 532) (1488, 842) (1488, 532) (1733, 842)
(1243, 533) (1488, 843) (1488, 533) (1733, 843)
(1243, 533) (1488, 843) (1488, 533) (1733, 843)
(1243, 533) (1488, 843) (1488, 533) (1733, 843)
(1242, 533) (1487, 843) (1487, 533) (1732, 843)
(1243, 533) (1488, 843) (1488, 533) (1733, 843)
(1243, 532) (1488, 842) (1488, 532) (1733, 842)
(1243, 533) (1488, 843) (1488, 533) (1733, 843)
(1242, 532) (1487, 842) (1487, 532) (1732, 842)
(1243, 535) (1488, 845) (1488, 535) (1733, 845)
(1241, 532) (1486, 842) (1486, 532) (1731, 842)
(1243, 532) (1488, 842) (1488, 532) (1733, 842)
(1243, 532) (1488, 842) (1488, 532) (1733, 842)
(1243, 533) (1488, 843) (1488, 533) (1733, 843)
(1241, 533) (1486, 843) (1486, 533) (1731, 843)
(1243, 536) (1488, 846) (1488, 536) (1733, 846)
(1244, 537) (1489, 847) (1489, 537) (1734, 847)
(1243, 535) (1488, 845) (1488, 535) (1733, 845)
(1243, 536) (1488, 846) (1488, 536) (1733, 846)
(1243, 535) (1488, 845) (1488, 535) (1733, 845)
(1243, 535) (1488, 845) (1488, 535) (1733, 845)
(1243, 536) (1488, 846) (1488, 536) (1733, 846)
(1243, 536) (1488, 846) (1488, 536) (1733, 846)
(1242, 536) (1487, 846) (1487, 536) (1732, 846)
(1243, 535) (1488, 845) (1488, 535) (1733, 845)
(1241, 536) (1486, 846) (1486, 536) (1731, 846)
(1241, 535) (1486, 845) (1486, 535) (1731, 845)
(1243, 537) (1488, 847) (1488, 537) (1733, 847)
(1242, 536) (1487, 846) (1487, 536) (1732, 846)
(1243, 536) (1488, 846) (1488, 536) (1733, 846)
(1243, 537) (1488, 847) (1488, 537) (1733, 847)
(1243, 536) (1488, 846) (1488, 536) (1733, 846)
(1242, 538) (1487, 848) (1487, 538) (1732, 848)
(1242, 536) (1487, 846) (1487, 536) (1732, 846)
(1244, 536) (1489, 846) (1489, 536) (1734, 846)
(1241, 537) (1486, 847) (1486, 537) (1731, 847)
(1241, 536) (1486, 846) (1486, 536) (1731, 846)
(1243, 536) (1488, 846) (1488, 536) (1733, 846)
(1242, 536) (1487, 846) (1487, 536) (1732, 846)
(1242, 536) (1487, 846) (1487, 536) (1732, 846)
(1241, 536) (1486, 846) (1486, 536) (1731, 846)
(1243, 535) (1488, 845) (1488, 535) (1733, 845)
(1241, 535) (1486, 845) (1486, 535) (1731, 845)
(1243, 535) (1488, 845) (1488, 535) (1733, 845)
(1242, 535) (1487, 845) (1487, 535) (1732, 845)
(1242, 536) (1487, 846) (1487, 536) (1732, 846)
(1245, 537) (1490, 847) (1490, 537) (1735, 847)
(1243, 540) (1488, 850) (1488, 540) (1733, 850)
(1243, 536) (1488, 846) (1488, 536) (1733, 846)
(1244, 536) (1489, 846) (1489, 536) (1734, 846)
(1243, 537) (1488, 847) (1488, 537) (1733, 847)
(1243, 536) (1488, 846) (1488, 536) (1733, 846)
(1243, 536) (1488, 846) (1488, 536) (1733, 846)
(1243, 535) (1488, 845) (1488, 535) (1733, 845)
(1243, 534) (1488, 844) (1488, 534) (1733, 844)
(1243, 535) (1488, 845) (1488, 535) (1733, 845)
(1243, 534) (1488, 844) (1488, 534) (1733, 844)
(1243, 535) (1488, 845) (1488, 535) (1733, 845)
(1241, 534) (1486, 844) (1486, 534) (1731, 844)
(1243, 534) (1488, 844) (1488, 534) (1733, 844)
(1242, 535) (1487, 845) (1487, 535) (1732, 845)
(1243, 535) (1488, 845) (1488, 535) (1733, 845)
(1242, 535) (1487, 845) (1487, 535) (1732, 845)
(1243, 535) (1488, 845) (1488, 535) (1733, 845)
(1243, 535) (1488, 845) (1488, 535) (1733, 845)
(1244, 535) (1489, 845) (1489, 535) (1734, 845)
(1243, 535) (1488, 845) (1488, 535) (1733, 845)
(1243, 535) (1488, 845) (1488, 535) (1733, 845)
(1243, 535) (1488, 845) (1488, 535) (1733, 845)
(1243, 535) (1488, 845) (1488, 535) (1733, 845)
(1243, 535) (1488, 845) (1488, 535) (1733, 845)
(1243, 535) (1488, 845) (1488, 535) (1733, 845)
(1243, 535) (1488, 845) (1488, 535) (1733, 845)
(1243, 534) (1488, 844) (1488, 534) (1733, 844)
(1243, 533) (1488, 843) (1488, 533) (1733, 843)
(1243, 534) (1488, 844) (1488, 534) (1733, 844)
(1243, 534) (1488, 844) (1488, 534) (1733, 844)
(1241, 534) (1486, 844) (1486, 534) (1731, 844)
(1241, 535) (1486, 845) (1486, 535) (1731, 845)
(1243, 535) (1488, 845) (1488, 535) (1733, 845)
(1241, 534) (1486, 844) (1486, 534) (1731, 844)
(1241, 535) (1486, 845) (1486, 535) (1731, 845)
(1243, 535) (1488, 845) (1488, 535) (1733, 845)
(1243, 535) (1488, 845) (1488, 535) (1733, 845)
(1244, 535) (1489, 845) (1489, 535) (1734, 845)
(1243, 534) (1488, 844) (1488, 534) (1733, 844)
(1244, 535) (1489, 845) (1489, 535) (1734, 845)
(1243, 535) (1488, 845) (1488, 535) (1733, 845)
(1243, 535) (1488, 845) (1488, 535) (1733, 845)
(1243, 535) (1488, 845) (1488, 535) (1733, 845)
(1243, 535) (1488, 845) (1488, 535) (1733, 845)
(1243, 535) (1488, 845) (1488, 535) (1733, 845)
(1243, 535) (1488, 845) (1488, 535) (1733, 845)
(1243, 536) (1488, 846) (1488, 536) (1733, 846)
(1244, 537) (1489, 847) (1489, 537) (1734, 847)
(1243, 535) (1488, 845) (1488, 535) (1733, 845)
(1243, 535) (1488, 845) (1488, 535) (1733, 845)
(1243, 534) (1488, 844) (1488, 534) (1733, 844)
(1243, 535) (1488, 845) (1488, 535) (1733, 845)
(1243, 534) (1488, 844) (1488, 534) (1733, 844)
(1243, 536) (1488, 846) (1488, 536) (1733, 846)
(1244, 535) (1489, 845) (1489, 535) (1734, 845)
(1243, 535) (1488, 845) (1488, 535) (1733, 845)
(1244, 535) (1489, 845) (1489, 535) (1734, 845)
(1242, 535) (1487, 845) (1487, 535) (1732, 845)
(1243, 534) (1488, 844) (1488, 534) (1733, 844)
(1243, 535) (1488, 845) (1488, 535) (1733, 845)
(1243, 535) (1488, 845) (1488, 535) (1733, 845)
(1243, 535) (1488, 845) (1488, 535) (1733, 845)
(1243, 534) (1488, 844) (1488, 534) (1733, 844)
(1243, 534) (1488, 844) (1488, 534) (1733, 844)
(1243, 535) (1488, 845) (1488, 535) (1733, 845)
(1245, 535) (1490, 845) (1490, 535) (1735, 845)
(1244, 535) (1489, 845) (1489, 535) (1734, 845)
(1243, 534) (1488, 844) (1488, 534) (1733, 844)
(1243, 535) (1488, 845) (1488, 535) (1733, 845)
(1243, 535) (1488, 845) (1488, 535) (1733, 845)
(1243, 536) (1488, 846) (1488, 536) (1733, 846)
(1243, 535) (1488, 845) (1488, 535) (1733, 845)
(1243, 535) (1488, 845) (1488, 535) (1733, 845)
(1243, 535) (1488, 845) (1488, 535) (1733, 845)
(1243, 535) (1488, 845) (1488, 535) (1733, 845)
(1243, 535) (1488, 845) (1488, 535) (1733, 845)
(1243, 535) (1488, 845) (1488, 535) (1733, 845)
(1243, 536) (1488, 846) (1488, 536) (1733, 846)
(1243, 535) (1488, 845) (1488, 535) (1733, 845)
(1243, 535) (1488, 845) (1488, 535) (1733, 845)
(1241, 535) (1486, 845) (1486, 535) (1731, 845)
(1243, 534) (1488, 844) (1488, 534) (1733, 844)
(1243, 535) (1488, 845) (1488, 535) (1733, 845)
(1243, 535) (1488, 845) (1488, 535) (1733, 845)
(1243, 535) (1488, 845) (1488, 535) (1733, 845)
(1243, 536) (1488, 846) (1488, 536) (1733, 846)
(1244, 535) (1489, 845) (1489, 535) (1734, 845)
(1243, 535) (1488, 845) (1488, 535) (1733, 845)
(1243, 535) (1488, 845) (1488, 535) (1733, 845)
(1241, 535) (1486, 845) (1486, 535) (1731, 845)
(1243, 535) (1488, 845) (1488, 535) (1733, 845)
(1244, 535) (1489, 845) (1489, 535) (1734, 845)
(1243, 535) (1488, 845) (1488, 535) (1733, 845)
(1243, 536) (1488, 846) (1488, 536) (1733, 846)
(1243, 535) (1488, 845) (1488, 535) (1733, 845)
(1243, 535) (1488, 845) (1488, 535) (1733, 845)
(1243, 535) (1488, 845) (1488, 535) (1733, 845)
(1243, 535) (1488, 845) (1488, 535) (1733, 845)
(1243, 535) (1488, 845) (1488, 535) (1733, 845)
(1243, 535) (1488, 845) (1488, 535) (1733, 845)
(1243, 536) (1488, 846) (1488, 536) (1733, 846)
(1243, 536) (1488, 846) (1488, 536) (1733, 846)
(1243, 536) (1488, 846) (1488, 536) (1733, 846)
(1245, 535) (1490, 845) (1490, 535) (1735, 845)
(1243, 535) (1488, 845) (1488, 535) (1733, 845)
(1242, 535) (1487, 845) (1487, 535) (1732, 845)
(1243, 536) (1488, 846) (1488, 536) (1733, 846)
(1243, 535) (1488, 845) (1488, 535) (1733, 845)
(1257, 531) (1502, 841) (1502, 531) (1747, 841)
(1257, 531) (1502, 841) (1502, 531) (1747, 841)
(1257, 531) (1502, 841) (1502, 531) (1747, 841)
(1258, 531) (1503, 841) (1503, 531) (1748, 841)
(1256, 529) (1501, 839) (1501, 529) (1746, 839)
(1263, 530) (1508, 840) (1508, 530) (1753, 840)
(1262, 534) (1507, 844) (1507, 534) (1752, 844)
0
(1259, 532) (1504, 842) (1504, 532) (1749, 842)
(1251, 532) (1496, 842) (1496, 532) (1741, 842)
(1259, 531) (1504, 841) (1504, 531) (1749, 841)
(1257, 533) (1502, 843) (1502, 533) (1747, 843)
(1259, 534) (1504, 844) (1504, 534) (1749, 844)
(1259, 534) (1504, 844) (1504, 534) (1749, 844)
(1259, 532) (1504, 842) (1504, 532) (1749, 842)
(1261, 533) (1506, 843) (1506, 533) (1751, 843)
(1253, 532) (1498, 842) (1498, 532) (1743, 842)
(1257, 525) (1502, 835) (1502, 525) (1747, 835)
(1261, 532) (1506, 842) (1506, 532) (1751, 842)
(1259, 528) (1504, 838) (1504, 528) (1749, 838)
(1254, 528) (1499, 838) (1499, 528) (1744, 838)
(1258, 528) (1503, 838) (1503, 528) (1748, 838)
(1259, 529) (1504, 839) (1504, 529) (1749, 839)
(1248, 527) (1493, 837) (1493, 527) (1738, 837)
(1249, 529) (1494, 839) (1494, 529) (1739, 839)
(1221, 549) (1466, 859) (1466, 549) (1711, 859)
(1252, 529) (1497, 839) (1497, 529) (1742, 839)
(1254, 531) (1499, 841) (1499, 531) (1744, 841)
(1250, 541) (1495, 851) (1495, 541) (1740, 851)
(1251, 528) (1496, 838) (1496, 528) (1741, 838)
(1252, 530) (1497, 840) (1497, 530) (1742, 840)
(1251, 527) (1496, 837) (1496, 527) (1741, 837)
(1253, 535) (1498, 845) (1498, 535) (1743, 845)
(1249, 524) (1494, 834) (1494, 524) (1739, 834)
(1250, 526) (1495, 836) (1495, 526) (1740, 836)
(1252, 527) (1497, 837) (1497, 527) (1742, 837)
(1270, 531) (1515, 841) (1515, 531) (1760, 841)
(1265, 523) (1510, 833) (1510, 523) (1755, 833)
(1275, 527) (1520, 837) (1520, 527) (1765, 837)
(1247, 528) (1492, 838) (1492, 528) (1737, 838)
(1259, 531) (1504, 841) (1504, 531) (1749, 841)
(1247, 527) (1492, 837) (1492, 527) (1737, 837)
(1255, 527) (1500, 837) (1500, 527) (1745, 837)
(1254, 531) (1499, 841) (1499, 531) (1744, 841)
(1257, 529) (1502, 839) (1502, 529) (1747, 839)
(1255, 531) (1500, 841) (1500, 531) (1745, 841)
(1253, 531) (1498, 841) (1498, 531) (1743, 841)
(1251, 530) (1496, 840) (1496, 530) (1741, 840)
(1255, 533) (1500, 843) (1500, 533) (1745, 843)
(1253, 538) (1498, 848) (1498, 538) (1743, 848)
(1253, 535) (1498, 845) (1498, 535) (1743, 845)
(1251, 525) (1496, 835) (1496, 525) (1741, 835)
(1247, 529) (1492, 839) (1492, 529) (1737, 839)
(1247, 529) (1492, 839) (1492, 529) (1737, 839)
(1248, 525) (1493, 835) (1493, 525) (1738, 835)
(1251, 528) (1496, 838) (1496, 528) (1741, 838)
(1249, 526) (1494, 836) (1494, 526) (1739, 836)
(1250, 527) (1495, 837) (1495, 527) (1740, 837)
(1245, 528) (1490, 838) (1490, 528) (1735, 838)
(1251, 531) (1496, 841) (1496, 531) (1741, 841)
(1248, 529) (1493, 839) (1493, 529) (1738, 839)
(1245, 526) (1490, 836) (1490, 526) (1735, 836)
(1248, 528) (1493, 838) (1493, 528) (1738, 838)
(1250, 529) (1495, 839) (1495, 529) (1740, 839)
(1251, 528) (1496, 838) (1496, 528) (1741, 838)
(1242, 531) (1487, 841) (1487, 531) (1732, 841)
(1249, 530) (1494, 840) (1494, 530) (1739, 840)
(1247, 532) (1492, 842) (1492, 532) (1737, 842)
(1245, 531) (1490, 841) (1490, 531) (1735, 841)
(1249, 531) (1494, 841) (1494, 531) (1739, 841)
(1249, 532) (1494, 842) (1494, 532) (1739, 842)
(1257, 530) (1502, 840) (1502, 530) (1747, 840)
(1257, 533) (1502, 843) (1502, 533) (1747, 843)
(1260, 534) (1505, 844) (1505, 534) (1750, 844)
(1257, 539) (1502, 849) (1502, 539) (1747, 849)
(1250, 535) (1495, 845) (1495, 535) (1740, 845)
(1245, 534) (1490, 844) (1490, 534) (1735, 844)
(1247, 534) (1492, 844) (1492, 534) (1737, 844)
(1247, 534) (1492, 844) (1492, 534) (1737, 844)
(1244, 535) (1489, 845) (1489, 535) (1734, 845)
(1091, 423) (1336, 733) (1336, 423) (1581, 733)
(1091, 423) (1336, 733) (1336, 423) (1581, 733)
(1093, 424) (1338, 734) (1338, 424) (1583, 734)
(1094, 423) (1339, 733) (1339, 423) (1584, 733)
(1094, 423) (1339, 733) (1339, 423) (1584, 733)
(1092, 421) (1337, 731) (1337, 421) (1582, 731)
(1099, 430) (1344, 740) (1344, 430) (1589, 740)
(1097, 432) (1342, 742) (1342, 432) (1587, 742)
(1093, 427) (1338, 737) (1338, 427) (1583, 737)
(1095, 426) (1340, 736) (1340, 426) (1585, 736)
(1093, 426) (1338, 736) (1338, 426) (1583, 736)
(1093, 425) (1338, 735) (1338, 425) (1583, 735)
(1093, 425) (1338, 735) (1338, 425) (1583, 735)
(1095, 427) (1340, 737) (1340, 427) (1585, 737)
(1095, 425) (1340, 735) (1340, 425) (1585, 735)
(1093, 425) (1338, 735) (1338, 425) (1583, 735)
(1099, 428) (1344, 738) (1344, 428) (1589, 738)
(1095, 425) (1340, 735) (1340, 425) (1585, 735)
(1096, 424) (1341, 734) (1341, 424) (1586, 734)
(1094, 424) (1339, 734) (1339, 424) (1584, 734)
(1094, 423) (1339, 733) (1339, 423) (1584, 733)
(1095, 423) (1340, 733) (1340, 423) (1585, 733)
(1095, 423) (1340, 733) (1340, 423) (1585, 733)
(1093, 422) (1338, 732) (1338, 422) (1583, 732)
(1094, 422) (1339, 732) (1339, 422) (1584, 732)
(1095, 422) (1340, 732) (1340, 422) (1585, 732)
(1097, 426) (1342, 736) (1342, 426) (1587, 736)
(1098, 425) (1343, 735) (1343, 425) (1588, 735)
(1099, 426) (1344, 736) (1344, 426) (1589, 736)
(1095, 426) (1340, 736) (1340, 426) (1585, 736)
(1095, 427) (1340, 737) (1340, 427) (1585, 737)
(1097, 427) (1342, 737) (1342, 427) (1587, 737)
(1097, 425) (1342, 735) (1342, 425) (1587, 735)
(1097, 426) (1342, 736) (1342, 426) (1587, 736)
(1095, 426) (1340, 736) (1340, 426) (1585, 736)
(1096, 429) (1341, 739) (1341, 429) (1586, 739)
(1096, 428) (1341, 738) (1341, 428) (1586, 738)
(1095, 428) (1340, 738) (1340, 428) (1585, 738)
(1095, 428) (1340, 738) (1340, 428) (1585, 738)
(1095, 428) (1340, 738) (1340, 428) (1585, 738)
(1097, 427) (1342, 737) (1342, 427) (1587, 737)
(1096, 428) (1341, 738) (1341, 428) (1586, 738)
(1097, 427) (1342, 737) (1342, 427) (1587, 737)
(1097, 427) (1342, 737) (1342, 427) (1587, 737)
(1095, 427) (1340, 737) (1340, 427) (1585, 737)
(1093, 427) (1338, 737) (1338, 427) (1583, 737)
(1095, 427) (1340, 737) (1340, 427) (1585, 737)
(1095, 426) (1340, 736) (1340, 426) (1585, 736)
(1095, 427) (1340, 737) (1340, 427) (1585, 737)
(1094, 427) (1339, 737) (1339, 427) (1584, 737)
(1095, 427) (1340, 737) (1340, 427) (1585, 737)
(1094, 427) (1339, 737) (1339, 427) (1584, 737)
(1094, 426) (1339, 736) (1339, 426) (1584, 736)
(1097, 425) (1342, 735) (1342, 425) (1587, 735)
(1095, 426) (1340, 736) (1340, 426) (1585, 736)
(1095, 425) (1340, 735) (1340, 425) (1585, 735)
(1095, 425) (1340, 735) (1340, 425) (1585, 735)
(1095, 425) (1340, 735) (1340, 425) (1585, 735)
(1095, 425) (1340, 735) (1340, 425) (1585, 735)
(1095, 426) (1340, 736) (1340, 426) (1585, 736)
(1095, 427) (1340, 737) (1340, 427) (1585, 737)
(1094, 427) (1339, 737) (1339, 427) (1584, 737)
(1095, 428) (1340, 738) (1340, 428) (1585, 738)
(1091, 427) (1336, 737) (1336, 427) (1581, 737)
(1091, 426) (1336, 736) (1336, 426) (1581, 736)
(1091, 427) (1336, 737) (1336, 427) (1581, 737)
(1091, 428) (1336, 738) (1336, 428) (1581, 738)
(1091, 428) (1336, 738) (1336, 428) (1581, 738)
(1091, 427) (1336, 737) (1336, 427) (1581, 737)
(1091, 428) (1336, 738) (1336, 428) (1581, 738)
(1092, 427) (1337, 737) (1337, 427) (1582, 737)
(1091, 427) (1336, 737) (1336, 427) (1581, 737)
(1093, 419) (1338, 729) (1338, 419) (1583, 729)
(1091, 421) (1336, 731) (1336, 421) (1581, 731)
(1091, 420) (1336, 730) (1336, 420) (1581, 730)
(1091, 421) (1336, 731) (1336, 421) (1581, 731)
(1091, 421) (1336, 731) (1336, 421) (1581, 731)
(1091, 420) (1336, 730) (1336, 420) (1581, 730)
(1091, 419) (1336, 729) (1336, 419) (1581, 729)
(1090, 419) (1335, 729) (1335, 419) (1580, 729)
(1081, 409) (1326, 719) (1326, 409) (1571, 719)
(1091, 419) (1336, 729) (1336, 419) (1581, 729)
(1083, 408) (1328, 718) (1328, 408) (1573, 718)
(1081, 408) (1326, 718) (1326, 408) (1571, 718)
(1082, 407) (1327, 717) (1327, 407) (1572, 717)
(1082, 407) (1327, 717) (1327, 407) (1572, 717)
(1082, 408) (1327, 718) (1327, 408) (1572, 718)
(1082, 408) (1327, 718) (1327, 408) (1572, 718)
(1082, 407) (1327, 717) (1327, 407) (1572, 717)
(1083, 407) (1328, 717) (1328, 407) (1573, 717)
(1082, 409) (1327, 719) (1327, 409) (1572, 719)
(1089, 422) (1334, 732) (1334, 422) (1579, 732)
(1089, 418) (1334, 728) (1334, 418) (1579, 728)
(1082, 409) (1327, 719) (1327, 409) (1572, 719)
(1082, 408) (1327, 718) (1327, 408) (1572, 718)
(1082, 408) (1327, 718) (1327, 408) (1572, 718)
(1082, 409) (1327, 719) (1327, 409) (1572, 719)
(1081, 409) (1326, 719) (1326, 409) (1571, 719)
(1091, 420) (1336, 730) (1336, 420) (1581, 730)
(1082, 410) (1327, 720) (1327, 410) (1572, 720)
(1081, 409) (1326, 719) (1326, 409) (1571, 719)
(1083, 409) (1328, 719) (1328, 409) (1573, 719)
(1083, 408) (1328, 718) (1328, 408) (1573, 718)
(1083, 408) (1328, 718) (1328, 408) (1573, 718)
(1083, 408) (1328, 718) (1328, 408) (1573, 718)
(1083, 409) (1328, 719) (1328, 409) (1573, 719)
(1083, 409) (1328, 719) (1328, 409) (1573, 719)
(1083, 409) (1328, 719) (1328, 409) (1573, 719)
(1083, 410) (1328, 720) (1328, 410) (1573, 720)
(1082, 408) (1327, 718) (1327, 408) (1572, 718)
(1082, 412) (1327, 722) (1327, 412) (1572, 722)
(1081, 412) (1326, 722) (1326, 412) (1571, 722)
(1082, 411) (1327, 721) (1327, 411) (1572, 721)
(1081, 410) (1326, 720) (1326, 410) (1571, 720)
(1082, 410) (1327, 720) (1327, 410) (1572, 720)
(1081, 412) (1326, 722) (1326, 412) (1571, 722)
(1082, 411) (1327, 721) (1327, 411) (1572, 721)
(1081, 411) (1326, 721) (1326, 411) (1571, 721)
(1081, 412) (1326, 722) (1326, 412) (1571, 722)
(1082, 411) (1327, 721) (1327, 411) (1572, 721)
(1081, 412) (1326, 722) (1326, 412) (1571, 722)
(1082, 411) (1327, 721) (1327, 411) (1572, 721)
(1082, 409) (1327, 719) (1327, 409) (1572, 719)
(1081, 411) (1326, 721) (1326, 411) (1571, 721)
(1081, 412) (1326, 722) (1326, 412) (1571, 722)
(1081, 411) (1326, 721) (1326, 411) (1571, 721)
(1081, 411) (1326, 721) (1326, 411) (1571, 721)
(1081, 410) (1326, 720) (1326, 410) (1571, 720)
(1091, 420) (1336, 730) (1336, 420) (1581, 730)
(1091, 418) (1336, 728) (1336, 418) (1581, 728)
(1092, 416) (1337, 726) (1337, 416) (1582, 726)
(1103, 413) (1348, 723) (1348, 413) (1593, 723)
(1095, 417) (1340, 727) (1340, 417) (1585, 727)
(1096, 419) (1341, 729) (1341, 419) (1586, 729)
(1092, 418) (1337, 728) (1337, 418) (1582, 728)
(1093, 419) (1338, 729) (1338, 419) (1583, 729)
(1082, 412) (1327, 722) (1327, 412) (1572, 722)
(1092, 419) (1337, 729) (1337, 419) (1582, 729)
(1093, 420) (1338, 730) (1338, 420) (1583, 730)
(1095, 424) (1340, 734) (1340, 424) (1585, 734)
(1097, 424) (1342, 734) (1342, 424) (1587, 734)
(1095, 424) (1340, 734) (1340, 424) (1585, 734)
(1098, 422) (1343, 732) (1343, 422) (1588, 732)
(1099, 425) (1344, 735) (1344, 425) (1589, 735)
(1097, 422) (1342, 732) (1342, 422) (1587, 732)
(1099, 422) (1344, 732) (1344, 422) (1589, 732)
(1098, 424) (1343, 734) (1343, 424) (1588, 734)
(1097, 421) (1342, 731) (1342, 421) (1587, 731)
(1095, 421) (1340, 731) (1340, 421) (1585, 731)
(1097, 423) (1342, 733) (1342, 423) (1587, 733)
(1095, 419) (1340, 729) (1340, 419) (1585, 729)
(1093, 420) (1338, 730) (1338, 420) (1583, 730)
(1093, 418) (1338, 728) (1338, 418) (1583, 728)
(1093, 419) (1338, 729) (1338, 419) (1583, 729)
(1095, 419) (1340, 729) (1340, 419) (1585, 729)
(1097, 421) (1342, 731) (1342, 421) (1587, 731)
(1097, 421) (1342, 731) (1342, 421) (1587, 731)
(1097, 421) (1342, 731) (1342, 421) (1587, 731)
(1098, 421) (1343, 731) (1343, 421) (1588, 731)
(1095, 420) (1340, 730) (1340, 420) (1585, 730)
(1099, 420) (1344, 730) (1344, 420) (1589, 730)
(1099, 421) (1344, 731) (1344, 421) (1589, 731)
(1101, 424) (1346, 734) (1346, 424) (1591, 734)
(1105, 419) (1350, 729) (1350, 419) (1595, 729)
(1101, 422) (1346, 732) (1346, 422) (1591, 732)
(1102, 422) (1347, 732) (1347, 422) (1592, 732)
(1099, 424) (1344, 734) (1344, 424) (1589, 734)
(1098, 422) (1343, 732) (1343, 422) (1588, 732)
(1096, 424) (1341, 734) (1341, 424) (1586, 734)
(1097, 422) (1342, 732) (1342, 422) (1587, 732)
(1095, 422) (1340, 732) (1340, 422) (1585, 732)
(1095, 423) (1340, 733) (1340, 423) (1585, 733)
(1081, 416) (1326, 726) (1326, 416) (1571, 726)
(1093, 419) (1338, 729) (1338, 419) (1583, 729)
(1093, 422) (1338, 732) (1338, 422) (1583, 732)
(1093, 420) (1338, 730) (1338, 420) (1583, 730)
(1094, 423) (1339, 733) (1339, 423) (1584, 733)
(1094, 422) (1339, 732) (1339, 422) (1584, 732)
(1093, 423) (1338, 733) (1338, 423) (1583, 733)
(1093, 424) (1338, 734) (1338, 424) (1583, 734)
(1095, 421) (1340, 731) (1340, 421) (1585, 731)
(1093, 422) (1338, 732) (1338, 422) (1583, 732)
(1093, 423) (1338, 733) (1338, 423) (1583, 733)
(1094, 421) (1339, 731) (1339, 421) (1584, 731)
(1092, 423) (1337, 733) (1337, 423) (1582, 733)
(1093, 423) (1338, 733) (1338, 423) (1583, 733)
(1092, 423) (1337, 733) (1337, 423) (1582, 733)
(1093, 422) (1338, 732) (1338, 422) (1583, 732)
(1100, 415) (1345, 725) (1345, 415) (1590, 725)
(1095, 416) (1340, 726) (1340, 416) (1585, 726)
(1093, 417) (1338, 727) (1338, 417) (1583, 727)
(1095, 418) (1340, 728) (1340, 418) (1585, 728)
(1093, 420) (1338, 730) (1338, 420) (1583, 730)
(1093, 418) (1338, 728) (1338, 418) (1583, 728)
(1082, 412) (1327, 722) (1327, 412) (1572, 722)
(1093, 417) (1338, 727) (1338, 417) (1583, 727)
(1094, 418) (1339, 728) (1339, 418) (1584, 728)
(1094, 418) (1339, 728) (1339, 418) (1584, 728)
(1094, 421) (1339, 731) (1339, 421) (1584, 731)
(1093, 420) (1338, 730) (1338, 420) (1583, 730)
(1093, 421) (1338, 731) (1338, 421) (1583, 731)
(1093, 418) (1338, 728) (1338, 418) (1583, 728)
(1091, 420) (1336, 730) (1336, 420) (1581, 730)
(1093, 419) (1338, 729) (1338, 419) (1583, 729)
(1083, 409) (1328, 719) (1328, 409) (1573, 719)
(1082, 409) (1327, 719) (1327, 409) (1572, 719)
(1083, 410) (1328, 720) (1328, 410) (1573, 720)
(1094, 419) (1339, 729) (1339, 419) (1584, 729)
(1093, 419) (1338, 729) (1338, 419) (1583, 729)
(1097, 418) (1342, 728) (1342, 418) (1587, 728)
(1097, 418) (1342, 728) (1342, 418) (1587, 728)
(1097, 419) (1342, 729) (1342, 419) (1587, 729)
(1093, 420) (1338, 730) (1338, 420) (1583, 730)
(1094, 418) (1339, 728) (1339, 418) (1584, 728)
(1082, 412) (1327, 722) (1327, 412) (1572, 722)
(1082, 413) (1327, 723) (1327, 413) (1572, 723)
(1083, 411) (1328, 721) (1328, 411) (1573, 721)
(1083, 410) (1328, 720) (1328, 410) (1573, 720)
(1083, 411) (1328, 721) (1328, 411) (1573, 721)
(1092, 420) (1337, 730) (1337, 420) (1582, 730)
(1092, 420) (1337, 730) (1337, 420) (1582, 730)
(1093, 419) (1338, 729) (1338, 419) (1583, 729)
(1095, 419) (1340, 729) (1340, 419) (1585, 729)
(1092, 421) (1337, 731) (1337, 421) (1582, 731)
(1081, 413) (1326, 723) (1326, 413) (1571, 723)
(1081, 415) (1326, 725) (1326, 415) (1571, 725)
(1081, 416) (1326, 726) (1326, 416) (1571, 726)
(1081, 418) (1326, 728) (1326, 418) (1571, 728)
(1081, 417) (1326, 727) (1326, 417) (1571, 727)
(1081, 417) (1326, 727) (1326, 417) (1571, 727)
(1082, 416) (1327, 726) (1327, 416) (1572, 726)
(1082, 416) (1327, 726) (1327, 416) (1572, 726)
(1081, 415) (1326, 725) (1326, 415) (1571, 725)
(1081, 415) (1326, 725) (1326, 415) (1571, 725)
(1081, 416) (1326, 726) (1326, 416) (1571, 726)
(1081, 417) (1326, 727) (1326, 417) (1571, 727)
(1081, 415) (1326, 725) (1326, 415) (1571, 725)
(1081, 416) (1326, 726) (1326, 416) (1571, 726)
(1082, 412) (1327, 722) (1327, 412) (1572, 722)
(1081, 414) (1326, 724) (1326, 414) (1571, 724)
(1082, 413) (1327, 723) (1327, 413) (1572, 723)
(1081, 415) (1326, 725) (1326, 415) (1571, 725)
(1082, 416) (1327, 726) (1327, 416) (1572, 726)
(1082, 412) (1327, 722) (1327, 412) (1572, 722)
(1082, 413) (1327, 723) (1327, 413) (1572, 723)
(1082, 412) (1327, 722) (1327, 412) (1572, 722)
(1081, 412) (1326, 722) (1326, 412) (1571, 722)
(1081, 413) (1326, 723) (1326, 413) (1571, 723)
(1081, 413) (1326, 723) (1326, 413) (1571, 723)
(1081, 415) (1326, 725) (1326, 415) (1571, 725)
(1081, 418) (1326, 728) (1326, 418) (1571, 728)
(1082, 413) (1327, 723) (1327, 413) (1572, 723)
(1081, 413) (1326, 723) (1326, 413) (1571, 723)
(1081, 412) (1326, 722) (1326, 412) (1571, 722)
(1081, 416) (1326, 726) (1326, 416) (1571, 726)
(1081, 415) (1326, 725) (1326, 415) (1571, 725)
(1081, 417) (1326, 727) (1326, 417) (1571, 727)
(1081, 415) (1326, 725) (1326, 415) (1571, 725)
(1080, 415) (1325, 725) (1325, 415) (1570, 725)
(1081, 416) (1326, 726) (1326, 416) (1571, 726)
(1081, 415) (1326, 725) (1326, 415) (1571, 725)
(1081, 415) (1326, 725) (1326, 415) (1571, 725)
(1081, 414) (1326, 724) (1326, 414) (1571, 724)
(1079, 414) (1324, 724) (1324, 414) (1569, 724)
(1079, 416) (1324, 726) (1324, 416) (1569, 726)
(1079, 415) (1324, 725) (1324, 415) (1569, 725)
(1079, 414) (1324, 724) (1324, 414) (1569, 724)
(1079, 414) (1324, 724) (1324, 414) (1569, 724)
(1079, 414) (1324, 724) (1324, 414) (1569, 724)
(1080, 416) (1325, 726) (1325, 416) (1570, 726)
(1079, 416) (1324, 726) (1324, 416) (1569, 726)
(1079, 415) (1324, 725) (1324, 415) (1569, 725)
(1079, 412) (1324, 722) (1324, 412) (1569, 722)
(1079, 414) (1324, 724) (1324, 414) (1569, 724)
(1080, 414) (1325, 724) (1325, 414) (1570, 724)
(1081, 414) (1326, 724) (1326, 414) (1571, 724)
(1079, 417) (1324, 727) (1324, 417) (1569, 727)
(1079, 416) (1324, 726) (1324, 416) (1569, 726)
(1079, 417) (1324, 727) (1324, 417) (1569, 727)
(1080, 416) (1325, 726) (1325, 416) (1570, 726)
(1079, 417) (1324, 727) (1324, 417) (1569, 727)
(1079, 416) (1324, 726) (1324, 416) (1569, 726)
(1079, 416) (1324, 726) (1324, 416) (1569, 726)
(1079, 417) (1324, 727) (1324, 417) (1569, 727)
(1079, 416) (1324, 726) (1324, 416) (1569, 726)
(1080, 416) (1325, 726) (1325, 416) (1570, 726)
(1081, 414) (1326, 724) (1326, 414) (1571, 724)
(1081, 412) (1326, 722) (1326, 412) (1571, 722)
(1081, 415) (1326, 725) (1326, 415) (1571, 725)
(1081, 414) (1326, 724) (1326, 414) (1571, 724)
(1082, 412) (1327, 722) (1327, 412) (1572, 722)
(1082, 413) (1327, 723) (1327, 413) (1572, 723)
(1081, 413) (1326, 723) (1326, 413) (1571, 723)
(1082, 414) (1327, 724) (1327, 414) (1572, 724)
(1081, 412) (1326, 722) (1326, 412) (1571, 722)
(1081, 412) (1326, 722) (1326, 412) (1571, 722)
(1082, 412) (1327, 722) (1327, 412) (1572, 722)
(1081, 415) (1326, 725) (1326, 415) (1571, 725)
(1081, 414) (1326, 724) (1326, 414) (1571, 724)
(1082, 413) (1327, 723) (1327, 413) (1572, 723)
(1082, 413) (1327, 723) (1327, 413) (1572, 723)
(1082, 413) (1327, 723) (1327, 413) (1572, 723)
(1082, 411) (1327, 721) (1327, 411) (1572, 721)
(1082, 411) (1327, 721) (1327, 411) (1572, 721)
(1082, 412) (1327, 722) (1327, 412) (1572, 722)
(1081, 414) (1326, 724) (1326, 414) (1571, 724)
(1081, 413) (1326, 723) (1326, 413) (1571, 723)
(1081, 411) (1326, 721) (1326, 411) (1571, 721)
(1081, 412) (1326, 722) (1326, 412) (1571, 722)
(1081, 410) (1326, 720) (1326, 410) (1571, 720)
(1082, 412) (1327, 722) (1327, 412) (1572, 722)
(1081, 410) (1326, 720) (1326, 410) (1571, 720)
(1081, 412) (1326, 722) (1326, 412) (1571, 722)
(1083, 408) (1328, 718) (1328, 408) (1573, 718)
(1082, 410) (1327, 720) (1327, 410) (1572, 720)
(1082, 409) (1327, 719) (1327, 409) (1572, 719)
