(127, 536) (372, 846) (372, 536) (617, 846)
(1241, 542) (1486, 852) (1486, 542) (1731, 852)
(1242, 542) (1487, 852) (1487, 542) (1732, 852)
(1243, 542) (1488, 852) (1488, 542) (1733, 852)
(1228, 549) (1473, 859) (1473, 549) (1718, 859)
(1245, 541) (1490, 851) (1490, 541) (1735, 851)
(1244, 542) (1489, 852) (1489, 542) (1734, 852)
(1244, 541) (1489, 851) (1489, 541) (1734, 851)
(1245, 541) (1490, 851) (1490, 541) (1735, 851)
(1243, 540) (1488, 850) (1488, 540) (1733, 850)
(1245, 541) (1490, 851) (1490, 541) (1735, 851)
(1245, 541) (1490, 851) (1490, 541) (1735, 851)
(1245, 540) (1490, 850) (1490, 540) (1735, 850)
(1245, 541) (1490, 851) (1490, 541) (1735, 851)
(1245, 541) (1490, 851) (1490, 541) (1735, 851)
(1246, 541) (1491, 851) (1491, 541) (1736, 851)
(1247, 546) (1492, 856) (1492, 546) (1737, 856)
(1250, 546) (1495, 856) (1495, 546) (1740, 856)
(1249, 546) (1494, 856) (1494, 546) (1739, 856)
(1251, 546) (1496, 856) (1496, 546) (1741, 856)
(1250, 544) (1495, 854) (1495, 544) (1740, 854)
(1247, 545) (1492, 855) (1492, 545) (1737, 855)
(1249, 546) (1494, 856) (1494, 546) (1739, 856)
(1250, 545) (1495, 855) (1495, 545) (1740, 855)
(1249, 545) (1494, 855) (1494, 545) (1739, 855)
(1249, 544) (1494, 854) (1494, 544) (1739, 854)
(1249, 546) (1494, 856) (1494, 546) (1739, 856)
(1249, 545) (1494, 855) (1494, 545) (1739, 855)
(1249, 545) (1494, 855) (1494, 545) (1739, 855)
(1249, 546) (1494, 856) (1494, 546) (1739, 856)
(1249, 546) (1494, 856) (1494, 546) (1739, 856)
(1245, 544) (1490, 854) (1490, 544) (1735, 854)
(1251, 548) (1496, 858) (1496, 548) (1741, 858)
(1252, 548) (1497, 858) (1497, 548) (1742, 858)
(1249, 548) (1494, 858) (1494, 548) (1739, 858)
(1251, 548) (1496, 858) (1496, 548) (1741, 858)
(1251, 548) (1496, 858) (1496, 548) (1741, 858)
(1251, 548) (1496, 858) (1496, 548) (1741, 858)
(1250, 548) (1495, 858) (1495, 548) (1740, 858)
(1249, 547) (1494, 857) (1494, 547) (1739, 857)
(1251, 549) (1496, 859) (1496, 549) (1741, 859)
(1251, 548) (1496, 858) (1496, 548) (1741, 858)
(1251, 549) (1496, 859) (1496, 549) (1741, 859)
(1251, 549) (1496, 859) (1496, 549) (1741, 859)
(1251, 547) (1496, 857) (1496, 547) (1741, 857)
(1251, 548) (1496, 858) (1496, 548) (1741, 858)
(1251, 548) (1496, 858) (1496, 548) (1741, 858)
(1251, 548) (1496, 858) (1496, 548) (1741, 858)
(1253, 549) (1498, 859) (1498, 549) (1743, 859)
(1253, 549) (1498, 859) (1498, 549) (1743, 859)
(1253, 552) (1498, 862) (1498, 552) (1743, 862)
(1253, 551) (1498, 861) (1498, 551) (1743, 861)
(1251, 550) (1496, 860) (1496, 550) (1741, 860)
(1252, 551) (1497, 861) (1497, 551) (1742, 861)
(1251, 551) (1496, 861) (1496, 551) (1741, 861)
(1251, 550) (1496, 860) (1496, 550) (1741, 860)
(1251, 550) (1496, 860) (1496, 550) (1741, 860)
(1253, 554) (1498, 864) (1498, 554) (1743, 864)
(1252, 550) (1497, 860) (1497, 550) (1742, 860)
(1253, 553) (1498, 863) (1498, 553) (1743, 863)
(1252, 550) (1497, 860) (1497, 550) (1742, 860)
(1252, 550) (1497, 860) (1497, 550) (1742, 860)
(1252, 551) (1497, 861) (1497, 551) (1742, 861)
(1249, 551) (1494, 861) (1494, 551) (1739, 861)
(1249, 549) (1494, 859) (1494, 549) (1739, 859)
(1249, 550) (1494, 860) (1494, 550) (1739, 860)
(1248, 548) (1493, 858) (1493, 548) (1738, 858)
(1249, 551) (1494, 861) (1494, 551) (1739, 861)
(1251, 552) (1496, 862) (1496, 552) (1741, 862)
(1249, 548) (1494, 858) (1494, 548) (1739, 858)
(1249, 548) (1494, 858) (1494, 548) (1739, 858)
(1249, 547) (1494, 857) (1494, 547) (1739, 857)
(1249, 548) (1494, 858) (1494, 548) (1739, 858)
(1249, 548) (1494, 858) (1494, 548) (1739, 858)
(1247, 547) (1492, 857) (1492, 547) (1737, 857)
(1249, 548) (1494, 858) (1494, 548) (1739, 858)
(1249, 547) (1494, 857) (1494, 547) (1739, 857)
(1249, 546) (1494, 856) (1494, 546) (1739, 856)
(1249, 548) (1494, 858) (1494, 548) (1739, 858)
(1249, 544) (1494, 854) (1494, 544) (1739, 854)
(1249, 549) (1494, 859) (1494, 549) (1739, 859)
(1250, 545) (1495, 855) (1495, 545) (1740, 855)
(1249, 545) (1494, 855) (1494, 545) (1739, 855)
(1247, 548) (1492, 858) (1492, 548) (1737, 858)
(1249, 545) (1494, 855) (1494, 545) (1739, 855)
(1249, 546) (1494, 856) (1494, 546) (1739, 856)
(1249, 545) (1494, 855) (1494, 545) (1739, 855)
(1249, 545) (1494, 855) (1494, 545) (1739, 855)
(1248, 545) (1493, 855) (1493, 545) (1738, 855)
(1249, 548) (1494, 858) (1494, 548) (1739, 858)
(1249, 546) (1494, 856) (1494, 546) (1739, 856)
(1247, 545) (1492, 855) (1492, 545) (1737, 855)
(1249, 545) (1494, 855) (1494, 545) (1739, 855)
(1249, 546) (1494, 856) (1494, 546) (1739, 856)
(1253, 550) (1498, 860) (1498, 550) (1743, 860)
(1249, 546) (1494, 856) (1494, 546) (1739, 856)
(1247, 550) (1492, 860) (1492, 550) (1737, 860)
(1249, 545) (1494, 855) (1494, 545) (1739, 855)
(1250, 546) (1495, 856) (1495, 546) (1740, 856)
(1250, 547) (1495, 857) (1495, 547) (1740, 857)
(1249, 546) (1494, 856) (1494, 546) (1739, 856)
(1250, 547) (1495, 857) (1495, 547) (1740, 857)
(1250, 546) (1495, 856) (1495, 546) (1740, 856)
(1249, 546) (1494, 856) (1494, 546) (1739, 856)
(1250, 546) (1495, 856) (1495, 546) (1740, 856)
(1249, 545) (1494, 855) (1494, 545) (1739, 855)
(1249, 546) (1494, 856) (1494, 546) (1739, 856)
(1249, 546) (1494, 856) (1494, 546) (1739, 856)
(1249, 547) (1494, 857) (1494, 547) (1739, 857)
(1250, 548) (1495, 858) (1495, 548) (1740, 858)
(1244, 537) (1489, 847) (1489, 537) (1734, 847)
(1257, 540) (1502, 850) (1502, 540) (1747, 850)
(1252, 540) (1497, 850) (1497, 540) (1742, 850)
(1251, 537) (1496, 847) (1496, 537) (1741, 847)
(1251, 538) (1496, 848) (1496, 538) (1741, 848)
(1251, 535) (1496, 845) (1496, 535) (1741, 845)
(1250, 537) (1495, 847) (1495, 537) (1740, 847)
(1255, 536) (1500, 846) (1500, 536) (1745, 846)
(1251, 536) (1496, 846) (1496, 536) (1741, 846)
(1251, 536) (1496, 846) (1496, 536) (1741, 846)
(1251, 536) (1496, 846) (1496, 536) (1741, 846)
(1255, 537) (1500, 847) (1500, 537) (1745, 847)
(1254, 537) (1499, 847) (1499, 537) (1744, 847)
(1255, 538) (1500, 848) (1500, 538) (1745, 848)
(1253, 537) (1498, 847) (1498, 537) (1743, 847)
(1253, 539) (1498, 849) (1498, 539) (1743, 849)
(1252, 535) (1497, 845) (1497, 535) (1742, 845)
(1247, 535) (1492, 845) (1492, 535) (1737, 845)
(1245, 537) (1490, 847) (1490, 537) (1735, 847)
(1243, 535) (1488, 845) (1488, 535) (1733, 845)
(1244, 536) (1489, 846) (1489, 536) (1734, 846)
(1243, 536) (1488, 846) (1488, 536) (1733, 846)
(1243, 535) (1488, 845) (1488, 535) (1733, 845)
(1243, 537) (1488, 847) (1488, 537) (1733, 847)
(1245, 538) (1490, 848) (1490, 538) (1735, 848)
(1241, 538) (1486, 848) (1486, 538) (1731, 848)
(1243, 535) (1488, 845) (1488, 535) (1733, 845)
(1244, 535) (1489, 845) (1489, 535) (1734, 845)
(1243, 535) (1488, 845) (1488, 535) (1733, 845)
(1243, 535) (1488, 845) (1488, 535) (1733, 845)
(1243, 535) (1488, 845) (1488, 535) (1733, 845)
(1243, 534) (1488, 844) (1488, 534) (1733, 844)
(1244, 538) (1489, 848) (1489, 538) (1734, 848)
(1243, 537) (1488, 847) (1488, 537) (1733, 847)
(1242, 535) (1487, 845) (1487, 535) (1732, 845)
(1241, 536) (1486, 846) (1486, 536) (1731, 846)
(1242, 535) (1487, 845) (1487, 535) (1732, 845)
(1244, 535) (1489, 845) (1489, 535) (1734, 845)
(1243, 535) (1488, 845) (1488, 535) (1733, 845)
(1242, 536) (1487, 846) (1487, 536) (1732, 846)
(1241, 535) (1486, 845) (1486, 535) (1731, 845)
(1241, 535) (1486, 845) (1486, 535) (1731, 845)
(1242, 534) (1487, 844) (1487, 534) (1732, 844)
(1242, 535) (1487, 845) (1487, 535) (1732, 845)
(1242, 534) (1487, 844) (1487, 534) (1732, 844)
(1242, 534) (1487, 844) (1487, 534) (1732, 844)
(1243, 535) (1488, 845) (1488, 535) (1733, 845)
(1244, 545) (1489, 855) (1489, 545) (1734, 855)
(1243, 533) (1488, 843) (1488, 533) (1733, 843)
(1241, 533) (1486, 843) (1486, 533) (1731, 843)
(1241, 533) (1486, 843) (1486, 533) (1731, 843)
(1241, 532) (1486, 842) (1486, 532) (1731, 842)
(1241, 533) (1486, 843) (1486, 533) (1731, 843)
(1241, 532) (1486, 842) (1486, 532) (1731, 842)
(1243, 533) (1488, 843) (1488, 533) (1733, 843)
(1242, 532) (1487, 842) (1487, 532) (1732, 842)
(1242, 533) (1487, 843) (1487, 533) (1732, 843)
(1243, 535) (1488, 845) (1488, 535) (1733, 845)
(1242, 533) (1487, 843) (1487, 533) (1732, 843)
(1243, 534) (1488, 844) (1488, 534) (1733, 844)
(1243, 533) (1488, 843) (1488, 533) (1733, 843)
(1242, 534) (1487, 844) (1487, 534) (1732, 844)
(1241, 534) (1486, 844) (1486, 534) (1731, 844)
(1241, 537) (1486, 847) (1486, 537) (1731, 847)
(1242, 536) (1487, 846) (1487, 536) (1732, 846)
(1241, 535) (1486, 845) (1486, 535) (1731, 845)
(1241, 536) (1486, 846) (1486, 536) (1731, 846)
(1241, 536) (1486, 846) (1486, 536) (1731, 846)
(1241, 535) (1486, 845) (1486, 535) (1731, 845)
(1241, 535) (1486, 845) (1486, 535) (1731, 845)
(1241, 536) (1486, 846) (1486, 536) (1731, 846)
(1241, 537) (1486, 847) (1486, 537) (1731, 847)
(1241, 535) (1486, 845) (1486, 535) (1731, 845)
(1241, 537) (1486, 847) (1486, 537) (1731, 847)
(1241, 535) (1486, 845) (1486, 535) (1731, 845)
(1241, 536) (1486, 846) (1486, 536) (1731, 846)
(1242, 535) (1487, 845) (1487, 535) (1732, 845)
(1242, 535) (1487, 845) (1487, 535) (1732, 845)
(1241, 536) (1486, 846) (1486, 536) (1731, 846)
(1227, 540) (1472, 850) (1472, 540) (1717, 850)
(1241, 539) (1486, 849) (1486, 539) (1731, 849)
(1239, 536) (1484, 846) (1484, 536) (1729, 846)
(1243, 536) (1488, 846) (1488, 536) (1733, 846)
(1241, 536) (1486, 846) (1486, 536) (1731, 846)
(1240, 537) (1485, 847) (1485, 537) (1730, 847)
(1241, 536) (1486, 846) (1486, 536) (1731, 846)
(1241, 537) (1486, 847) (1486, 537) (1731, 847)
(1241, 537) (1486, 847) (1486, 537) (1731, 847)
(1240, 537) (1485, 847) (1485, 537) (1730, 847)
(1241, 536) (1486, 846) (1486, 536) (1731, 846)
(1241, 536) (1486, 846) (1486, 536) (1731, 846)
(1242, 536) (1487, 846) (1487, 536) (1732, 846)
(1241, 536) (1486, 846) (1486, 536) (1731, 846)
(1241, 537) (1486, 847) (1486, 537) (1731, 847)
(1243, 539) (1488, 849) (1488, 539) (1733, 849)
(1227, 542) (1472, 852) (1472, 542) (1717, 852)
(1243, 537) (1488, 847) (1488, 537) (1733, 847)
(1243, 537) (1488, 847) (1488, 537) (1733, 847)
(1243, 538) (1488, 848) (1488, 538) (1733, 848)
(1241, 537) (1486, 847) (1486, 537) (1731, 847)
(1243, 537) (1488, 847) (1488, 537) (1733, 847)
(1243, 536) (1488, 846) (1488, 536) (1733, 846)
(1243, 535) (1488, 845) (1488, 535) (1733, 845)
(1242, 536) (1487, 846) (1487, 536) (1732, 846)
(1241, 536) (1486, 846) (1486, 536) (1731, 846)
(1243, 535) (1488, 845) (1488, 535) (1733, 845)
(1242, 536) (1487, 846) (1487, 536) (1732, 846)
(1241, 534) (1486, 844) (1486, 534) (1731, 844)
(1241, 535) (1486, 845) (1486, 535) (1731, 845)
(1241, 535) (1486, 845) (1486, 535) (1731, 845)
(1242, 535) (1487, 845) (1487, 535) (1732, 845)
(1243, 537) (1488, 847) (1488, 537) (1733, 847)
(1241, 536) (1486, 846) (1486, 536) (1731, 846)
(1242, 535) (1487, 845) (1487, 535) (1732, 845)
(1242, 535) (1487, 845) (1487, 535) (1732, 845)
(1242, 536) (1487, 846) (1487, 536) (1732, 846)
(1241, 535) (1486, 845) (1486, 535) (1731, 845)
(1242, 537) (1487, 847) (1487, 537) (1732, 847)
(1241, 535) (1486, 845) (1486, 535) (1731, 845)
(1243, 536) (1488, 846) (1488, 536) (1733, 846)
(1242, 536) (1487, 846) (1487, 536) (1732, 846)
(1241, 534) (1486, 844) (1486, 534) (1731, 844)
(1241, 534) (1486, 844) (1486, 534) (1731, 844)
(1241, 534) (1486, 844) (1486, 534) (1731, 844)
(1241, 534) (1486, 844) (1486, 534) (1731, 844)
(1241, 534) (1486, 844) (1486, 534) (1731, 844)
(1241, 536) (1486, 846) (1486, 536) (1731, 846)
(1241, 535) (1486, 845) (1486, 535) (1731, 845)
(1241, 535) (1486, 845) (1486, 535) (1731, 845)
(1241, 536) (1486, 846) (1486, 536) (1731, 846)
(1241, 535) (1486, 845) (1486, 535) (1731, 845)
(1242, 536) (1487, 846) (1487, 536) (1732, 846)
(1241, 536) (1486, 846) (1486, 536) (1731, 846)
(1242, 535) (1487, 845) (1487, 535) (1732, 845)
(1243, 536) (1488, 846) (1488, 536) (1733, 846)
(1242, 535) (1487, 845) (1487, 535) (1732, 845)
(1242, 535) (1487, 845) (1487, 535) (1732, 845)
(1241, 536) (1486, 846) (1486, 536) (1731, 846)
(1241, 536) (1486, 846) (1486, 536) (1731, 846)
(1241, 536) (1486, 846) (1486, 536) (1731, 846)
(1242, 536) (1487, 846) (1487, 536) (1732, 846)
(1241, 537) (1486, 847) (1486, 537) (1731, 847)
(1241, 538) (1486, 848) (1486, 538) (1731, 848)
(1241, 535) (1486, 845) (1486, 535) (1731, 845)
(1241, 535) (1486, 845) (1486, 535) (1731, 845)
(1241, 535) (1486, 845) (1486, 535) (1731, 845)
(1241, 535) (1486, 845) (1486, 535) (1731, 845)
(1241, 536) (1486, 846) (1486, 536) (1731, 846)
(1241, 535) (1486, 845) (1486, 535) (1731, 845)
(1241, 536) (1486, 846) (1486, 536) (1731, 846)
(1242, 535) (1487, 845) (1487, 535) (1732, 845)
(1242, 536) (1487, 846) (1487, 536) (1732, 846)
(1241, 534) (1486, 844) (1486, 534) (1731, 844)
(1241, 536) (1486, 846) (1486, 536) (1731, 846)
(1241, 535) (1486, 845) (1486, 535) (1731, 845)
(1243, 535) (1488, 845) (1488, 535) (1733, 845)
(1242, 535) (1487, 845) (1487, 535) (1732, 845)
(1241, 534) (1486, 844) (1486, 534) (1731, 844)
(1242, 534) (1487, 844) (1487, 534) (1732, 844)
(1242, 535) (1487, 845) (1487, 535) (1732, 845)
(1243, 535) (1488, 845) (1488, 535) (1733, 845)
(1241, 535) (1486, 845) (1486, 535) (1731, 845)
(1241, 534) (1486, 844) (1486, 534) (1731, 844)
(1241, 536) (1486, 846) (1486, 536) (1731, 846)
(1241, 536) (1486, 846) (1486, 536) (1731, 846)
(1241, 536) (1486, 846) (1486, 536) (1731, 846)
(1241, 535) (1486, 845) (1486, 535) (1731, 845)
(1242, 536) (1487, 846) (1487, 536) (1732, 846)
(1242, 535) (1487, 845) (1487, 535) (1732, 845)
(1241, 535) (1486, 845) (1486, 535) (1731, 845)
(1242, 536) (1487, 846) (1487, 536) (1732, 846)
(1242, 535) (1487, 845) (1487, 535) (1732, 845)
(1242, 535) (1487, 845) (1487, 535) (1732, 845)
(1242, 535) (1487, 845) (1487, 535) (1732, 845)
(1242, 535) (1487, 845) (1487, 535) (1732, 845)
(1241, 534) (1486, 844) (1486, 534) (1731, 844)
(1242, 535) (1487, 845) (1487, 535) (1732, 845)
(1242, 534) (1487, 844) (1487, 534) (1732, 844)
(1241, 535) (1486, 845) (1486, 535) (1731, 845)
(1241, 535) (1486, 845) (1486, 535) (1731, 845)
(1241, 535) (1486, 845) (1486, 535) (1731, 845)
(1241, 535) (1486, 845) (1486, 535) (1731, 845)
(1242, 535) (1487, 845) (1487, 535) (1732, 845)
(1241, 535) (1486, 845) (1486, 535) (1731, 845)
(1242, 536) (1487, 846) (1487, 536) (1732, 846)
(1241, 534) (1486, 844) (1486, 534) (1731, 844)
(1242, 535) (1487, 845) (1487, 535) (1732, 845)
(1242, 535) (1487, 845) (1487, 535) (1732, 845)
(1241, 536) (1486, 846) (1486, 536) (1731, 846)
(1242, 536) (1487, 846) (1487, 536) (1732, 846)
(1241, 535) (1486, 845) (1486, 535) (1731, 845)
(1241, 534) (1486, 844) (1486, 534) (1731, 844)
(1241, 535) (1486, 845) (1486, 535) (1731, 845)
(1241, 535) (1486, 845) (1486, 535) (1731, 845)
(1241, 535) (1486, 845) (1486, 535) (1731, 845)
(1241, 537) (1486, 847) (1486, 537) (1731, 847)
(1241, 537) (1486, 847) (1486, 537) (1731, 847)
(1242, 537) (1487, 847) (1487, 537) (1732, 847)
(1243, 534) (1488, 844) (1488, 534) (1733, 844)
(1242, 536) (1487, 846) (1487, 536) (1732, 846)
(1239, 534) (1484, 844) (1484, 534) (1729, 844)
(1241, 536) (1486, 846) (1486, 536) (1731, 846)
(1242, 536) (1487, 846) (1487, 536) (1732, 846)
(1257, 533) (1502, 843) (1502, 533) (1747, 843)
(1257, 533) (1502, 843) (1502, 533) (1747, 843)
(1258, 533) (1503, 843) (1503, 533) (1748, 843)
(1259, 533) (1504, 843) (1504, 533) (1749, 843)
(1257, 531) (1502, 841) (1502, 531) (1747, 841)
(1265, 532) (1510, 842) (1510, 532) (1755, 842)
(1266, 536) (1511, 846) (1511, 536) (1756, 846)
0
(1259, 533) (1504, 843) (1504, 533) (1749, 843)
(1253, 530) (1498, 840) (1498, 530) (1743, 840)
(1259, 533) (1504, 843) (1504, 533) (1749, 843)
(1259, 535) (1504, 845) (1504, 535) (1749, 845)
(1262, 534) (1507, 844) (1507, 534) (1752, 844)
(1262, 535) (1507, 845) (1507, 535) (1752, 845)
(1261, 533) (1506, 843) (1506, 533) (1751, 843)
(1263, 533) (1508, 843) (1508, 533) (1753, 843)
(1256, 534) (1501, 844) (1501, 534) (1746, 844)
(1252, 524) (1497, 834) (1497, 524) (1742, 834)
(1261, 534) (1506, 844) (1506, 534) (1751, 844)
(1262, 528) (1507, 838) (1507, 528) (1752, 838)
(1255, 528) (1500, 838) (1500, 528) (1745, 838)
(1258, 528) (1503, 838) (1503, 528) (1748, 838)
(1259, 529) (1504, 839) (1504, 529) (1749, 839)
(1248, 527) (1493, 837) (1493, 527) (1738, 837)
(1249, 528) (1494, 838) (1494, 528) (1739, 838)
(1224, 547) (1469, 857) (1469, 547) (1714, 857)
(1253, 527) (1498, 837) (1498, 527) (1743, 837)
(1255, 533) (1500, 843) (1500, 533) (1745, 843)
(1249, 541) (1494, 851) (1494, 541) (1739, 851)
(1253, 529) (1498, 839) (1498, 529) (1743, 839)
(1254, 530) (1499, 840) (1499, 530) (1744, 840)
(1253, 528) (1498, 838) (1498, 528) (1743, 838)
(1256, 535) (1501, 845) (1501, 535) (1746, 845)
(1251, 524) (1496, 834) (1496, 524) (1741, 834)
(1251, 527) (1496, 837) (1496, 527) (1741, 837)
(1255, 527) (1500, 837) (1500, 527) (1745, 837)
(1267, 530) (1512, 840) (1512, 530) (1757, 840)
(1268, 524) (1513, 834) (1513, 524) (1758, 834)
(1270, 527) (1515, 837) (1515, 527) (1760, 837)
(1249, 529) (1494, 839) (1494, 529) (1739, 839)
(1261, 533) (1506, 843) (1506, 533) (1751, 843)
(1249, 528) (1494, 838) (1494, 528) (1739, 838)
(1258, 528) (1503, 838) (1503, 528) (1748, 838)
(1256, 532) (1501, 842) (1501, 532) (1746, 842)
(1259, 530) (1504, 840) (1504, 530) (1749, 840)
(1259, 533) (1504, 843) (1504, 533) (1749, 843)
(1257, 532) (1502, 842) (1502, 532) (1747, 842)
(1255, 533) (1500, 843) (1500, 533) (1745, 843)
(1257, 533) (1502, 843) (1502, 533) (1747, 843)
(1255, 536) (1500, 846) (1500, 536) (1745, 846)
(1255, 535) (1500, 845) (1500, 535) (1745, 845)
(1255, 526) (1500, 836) (1500, 526) (1745, 836)
(1249, 528) (1494, 838) (1494, 528) (1739, 838)
(1249, 528) (1494, 838) (1494, 528) (1739, 838)
(1250, 525) (1495, 835) (1495, 525) (1740, 835)
(1253, 528) (1498, 838) (1498, 528) (1743, 838)
(1253, 529) (1498, 839) (1498, 529) (1743, 839)
(1251, 527) (1496, 837) (1496, 527) (1741, 837)
(1249, 528) (1494, 838) (1494, 528) (1739, 838)
(1253, 531) (1498, 841) (1498, 531) (1743, 841)
(1251, 530) (1496, 840) (1496, 530) (1741, 840)
(1248, 528) (1493, 838) (1493, 528) (1738, 838)
(1249, 529) (1494, 839) (1494, 529) (1739, 839)
(1251, 529) (1496, 839) (1496, 529) (1741, 839)
(1253, 528) (1498, 838) (1498, 528) (1743, 838)
(1245, 530) (1490, 840) (1490, 530) (1735, 840)
(1251, 531) (1496, 841) (1496, 531) (1741, 841)
(1249, 532) (1494, 842) (1494, 532) (1739, 842)
(1248, 532) (1493, 842) (1493, 532) (1738, 842)
(1250, 530) (1495, 840) (1495, 530) (1740, 840)
(1249, 532) (1494, 842) (1494, 532) (1739, 842)
(1261, 529) (1506, 839) (1506, 529) (1751, 839)
(1260, 534) (1505, 844) (1505, 534) (1750, 844)
(1262, 534) (1507, 844) (1507, 534) (1752, 844)
(1260, 537) (1505, 847) (1505, 537) (1750, 847)
(1249, 534) (1494, 844) (1494, 534) (1739, 844)
(1246, 533) (1491, 843) (1491, 533) (1736, 843)
(1247, 533) (1492, 843) (1492, 533) (1737, 843)
(1248, 536) (1493, 846) (1493, 536) (1738, 846)
(1245, 534) (1490, 844) (1490, 534) (1735, 844)
(1097, 421) (1342, 731) (1342, 421) (1587, 731)
(1096, 421) (1341, 731) (1341, 421) (1586, 731)
(1098, 422) (1343, 732) (1343, 422) (1588, 732)
(1097, 421) (1342, 731) (1342, 421) (1587, 731)
(1099, 421) (1344, 731) (1344, 421) (1589, 731)
(1095, 421) (1340, 731) (1340, 421) (1585, 731)
(1106, 427) (1351, 737) (1351, 427) (1596, 737)
(1103, 428) (1348, 738) (1348, 428) (1593, 738)
(1097, 426) (1342, 736) (1342, 426) (1587, 736)
(1100, 424) (1345, 734) (1345, 424) (1590, 734)
(1099, 425) (1344, 735) (1344, 425) (1589, 735)
(1099, 423) (1344, 733) (1344, 423) (1589, 733)
(1097, 423) (1342, 733) (1342, 423) (1587, 733)
(1101, 424) (1346, 734) (1346, 424) (1591, 734)
(1099, 423) (1344, 733) (1344, 423) (1589, 733)
(1098, 423) (1343, 733) (1343, 423) (1588, 733)
(1103, 426) (1348, 736) (1348, 426) (1593, 736)
(1097, 422) (1342, 732) (1342, 422) (1587, 732)
(1103, 423) (1348, 733) (1348, 423) (1593, 733)
(1101, 422) (1346, 732) (1346, 422) (1591, 732)
(1101, 422) (1346, 732) (1346, 422) (1591, 732)
(1101, 422) (1346, 732) (1346, 422) (1591, 732)
(1101, 422) (1346, 732) (1346, 422) (1591, 732)
(1098, 422) (1343, 732) (1343, 422) (1588, 732)
(1101, 422) (1346, 732) (1346, 422) (1591, 732)
(1101, 421) (1346, 731) (1346, 421) (1591, 731)
(1106, 424) (1351, 734) (1351, 424) (1596, 734)
(1107, 424) (1352, 734) (1352, 424) (1597, 734)
(1106, 424) (1351, 734) (1351, 424) (1596, 734)
(1104, 424) (1349, 734) (1349, 424) (1594, 734)
(1103, 425) (1348, 735) (1348, 425) (1593, 735)
(1105, 425) (1350, 735) (1350, 425) (1595, 735)
(1105, 424) (1350, 734) (1350, 424) (1595, 734)
(1107, 424) (1352, 734) (1352, 424) (1597, 734)
(1105, 424) (1350, 734) (1350, 424) (1595, 734)
(1105, 426) (1350, 736) (1350, 426) (1595, 736)
(1103, 426) (1348, 736) (1348, 426) (1593, 736)
(1104, 426) (1349, 736) (1349, 426) (1594, 736)
(1104, 426) (1349, 736) (1349, 426) (1594, 736)
(1104, 425) (1349, 735) (1349, 425) (1594, 735)
(1107, 424) (1352, 734) (1352, 424) (1597, 734)
(1105, 426) (1350, 736) (1350, 426) (1595, 736)
(1107, 424) (1352, 734) (1352, 424) (1597, 734)
(1107, 424) (1352, 734) (1352, 424) (1597, 734)
(1106, 425) (1351, 735) (1351, 425) (1596, 735)
(1103, 426) (1348, 736) (1348, 426) (1593, 736)
(1103, 425) (1348, 735) (1348, 425) (1593, 735)
(1105, 424) (1350, 734) (1350, 424) (1595, 734)
(1105, 424) (1350, 734) (1350, 424) (1595, 734)
(1104, 425) (1349, 735) (1349, 425) (1594, 735)
(1104, 424) (1349, 734) (1349, 424) (1594, 734)
(1101, 425) (1346, 735) (1346, 425) (1591, 735)
(1103, 423) (1348, 733) (1348, 423) (1593, 733)
(1106, 424) (1351, 734) (1351, 424) (1596, 734)
(1105, 424) (1350, 734) (1350, 424) (1595, 734)
(1104, 423) (1349, 733) (1349, 423) (1594, 733)
(1103, 423) (1348, 733) (1348, 423) (1593, 733)
(1104, 424) (1349, 734) (1349, 424) (1594, 734)
(1103, 424) (1348, 734) (1348, 424) (1593, 734)
(1103, 424) (1348, 734) (1348, 424) (1593, 734)
(1103, 424) (1348, 734) (1348, 424) (1593, 734)
(1102, 425) (1347, 735) (1347, 425) (1592, 735)
(1103, 427) (1348, 737) (1348, 427) (1593, 737)
(1097, 425) (1342, 735) (1342, 425) (1587, 735)
(1097, 425) (1342, 735) (1342, 425) (1587, 735)
(1097, 425) (1342, 735) (1342, 425) (1587, 735)
(1098, 426) (1343, 736) (1343, 426) (1588, 736)
(1097, 427) (1342, 737) (1342, 427) (1587, 737)
(1097, 425) (1342, 735) (1342, 425) (1587, 735)
(1097, 426) (1342, 736) (1342, 426) (1587, 736)
(1097, 425) (1342, 735) (1342, 425) (1587, 735)
(1099, 426) (1344, 736) (1344, 426) (1589, 736)
(1097, 418) (1342, 728) (1342, 418) (1587, 728)
(1094, 419) (1339, 729) (1339, 419) (1584, 729)
(1095, 419) (1340, 729) (1340, 419) (1585, 729)
(1093, 419) (1338, 729) (1338, 419) (1583, 729)
(1095, 419) (1340, 729) (1340, 419) (1585, 729)
(1093, 419) (1338, 729) (1338, 419) (1583, 729)
(1095, 418) (1340, 728) (1340, 418) (1585, 728)
(1093, 418) (1338, 728) (1338, 418) (1583, 728)
(1093, 419) (1338, 729) (1338, 419) (1583, 729)
(1093, 418) (1338, 728) (1338, 418) (1583, 728)
(1093, 417) (1338, 727) (1338, 417) (1583, 727)
(1094, 417) (1339, 727) (1339, 417) (1584, 727)
(1093, 416) (1338, 726) (1338, 416) (1583, 726)
(1093, 416) (1338, 726) (1338, 416) (1583, 726)
(1094, 416) (1339, 726) (1339, 416) (1584, 726)
(1091, 415) (1336, 725) (1336, 415) (1581, 725)
(1093, 416) (1338, 726) (1338, 416) (1583, 726)
(1093, 416) (1338, 726) (1338, 416) (1583, 726)
(1093, 416) (1338, 726) (1338, 416) (1583, 726)
(1091, 420) (1336, 730) (1336, 420) (1581, 730)
(1093, 418) (1338, 728) (1338, 418) (1583, 728)
(1093, 418) (1338, 728) (1338, 418) (1583, 728)
(1093, 418) (1338, 728) (1338, 418) (1583, 728)
(1091, 418) (1336, 728) (1336, 418) (1581, 728)
(1091, 418) (1336, 728) (1336, 418) (1581, 728)
(1091, 418) (1336, 728) (1336, 418) (1581, 728)
(1094, 418) (1339, 728) (1339, 418) (1584, 728)
(1091, 419) (1336, 729) (1336, 419) (1581, 729)
(1091, 417) (1336, 727) (1336, 417) (1581, 727)
(1092, 418) (1337, 728) (1337, 418) (1582, 728)
(1091, 418) (1336, 728) (1336, 418) (1581, 728)
(1093, 417) (1338, 727) (1338, 417) (1583, 727)
(1092, 418) (1337, 728) (1337, 418) (1582, 728)
(1091, 418) (1336, 728) (1336, 418) (1581, 728)
(1091, 418) (1336, 728) (1336, 418) (1581, 728)
(1091, 418) (1336, 728) (1336, 418) (1581, 728)
(1091, 418) (1336, 728) (1336, 418) (1581, 728)
(1093, 416) (1338, 726) (1338, 416) (1583, 726)
(1091, 418) (1336, 728) (1336, 418) (1581, 728)
(1081, 409) (1326, 719) (1326, 409) (1571, 719)
(1081, 408) (1326, 718) (1326, 408) (1571, 718)
(1091, 418) (1336, 728) (1336, 418) (1581, 728)
(1091, 417) (1336, 727) (1336, 417) (1581, 727)
(1082, 408) (1327, 718) (1327, 408) (1572, 718)
(1091, 419) (1336, 729) (1336, 419) (1581, 729)
(1091, 418) (1336, 728) (1336, 418) (1581, 728)
(1091, 419) (1336, 729) (1336, 419) (1581, 729)
(1095, 418) (1340, 728) (1340, 418) (1585, 728)
(1093, 420) (1338, 730) (1338, 420) (1583, 730)
(1093, 418) (1338, 728) (1338, 418) (1583, 728)
(1096, 417) (1341, 727) (1341, 417) (1586, 727)
(1095, 419) (1340, 729) (1340, 419) (1585, 729)
(1093, 419) (1338, 729) (1338, 419) (1583, 729)
(1095, 418) (1340, 728) (1340, 418) (1585, 728)
(1095, 418) (1340, 728) (1340, 418) (1585, 728)
(1095, 419) (1340, 729) (1340, 419) (1585, 729)
(1095, 418) (1340, 728) (1340, 418) (1585, 728)
(1095, 418) (1340, 728) (1340, 418) (1585, 728)
(1096, 415) (1341, 725) (1341, 415) (1586, 725)
(1111, 413) (1356, 723) (1356, 413) (1601, 723)
(1099, 415) (1344, 725) (1344, 415) (1589, 725)
(1101, 418) (1346, 728) (1346, 418) (1591, 728)
(1097, 416) (1342, 726) (1342, 416) (1587, 726)
(1097, 417) (1342, 727) (1342, 417) (1587, 727)
(1093, 420) (1338, 730) (1338, 420) (1583, 730)
(1097, 419) (1342, 729) (1342, 419) (1587, 729)
(1097, 418) (1342, 728) (1342, 418) (1587, 728)
(1101, 425) (1346, 735) (1346, 425) (1591, 735)
(1101, 424) (1346, 734) (1346, 424) (1591, 734)
(1100, 423) (1345, 733) (1345, 423) (1590, 733)
(1103, 422) (1348, 732) (1348, 422) (1593, 732)
(1104, 424) (1349, 734) (1349, 424) (1594, 734)
(1101, 423) (1346, 733) (1346, 423) (1591, 733)
(1105, 422) (1350, 732) (1350, 422) (1595, 732)
(1102, 424) (1347, 734) (1347, 424) (1592, 734)
(1101, 422) (1346, 732) (1346, 422) (1591, 732)
(1099, 422) (1344, 732) (1344, 422) (1589, 732)
(1101, 423) (1346, 733) (1346, 423) (1591, 733)
(1099, 421) (1344, 731) (1344, 421) (1589, 731)
(1099, 420) (1344, 730) (1344, 420) (1589, 730)
(1097, 419) (1342, 729) (1342, 419) (1587, 729)
(1099, 419) (1344, 729) (1344, 419) (1589, 729)
(1099, 419) (1344, 729) (1344, 419) (1589, 729)
(1105, 421) (1350, 731) (1350, 421) (1595, 731)
(1103, 421) (1348, 731) (1348, 421) (1593, 731)
(1101, 420) (1346, 730) (1346, 420) (1591, 730)
(1103, 420) (1348, 730) (1348, 420) (1593, 730)
(1101, 420) (1346, 730) (1346, 420) (1591, 730)
(1103, 420) (1348, 730) (1348, 420) (1593, 730)
(1105, 421) (1350, 731) (1350, 421) (1595, 731)
(1106, 422) (1351, 732) (1351, 422) (1596, 732)
(1109, 418) (1354, 728) (1354, 418) (1599, 728)
(1104, 422) (1349, 732) (1349, 422) (1594, 732)
(1105, 421) (1350, 731) (1350, 421) (1595, 731)
(1103, 422) (1348, 732) (1348, 422) (1593, 732)
(1102, 421) (1347, 731) (1347, 421) (1592, 731)
(1099, 423) (1344, 733) (1344, 423) (1589, 733)
(1102, 421) (1347, 731) (1347, 421) (1592, 731)
(1100, 421) (1345, 731) (1345, 421) (1590, 731)
(1101, 423) (1346, 733) (1346, 423) (1591, 733)
(1093, 422) (1338, 732) (1338, 422) (1583, 732)
(1098, 418) (1343, 728) (1343, 418) (1588, 728)
(1097, 419) (1342, 729) (1342, 419) (1587, 729)
(1097, 418) (1342, 728) (1342, 418) (1587, 728)
(1098, 420) (1343, 730) (1343, 420) (1588, 730)
(1098, 421) (1343, 731) (1343, 421) (1588, 731)
(1095, 421) (1340, 731) (1340, 421) (1585, 731)
(1097, 421) (1342, 731) (1342, 421) (1587, 731)
(1098, 419) (1343, 729) (1343, 419) (1588, 729)
(1095, 420) (1340, 730) (1340, 420) (1585, 730)
(1097, 420) (1342, 730) (1342, 420) (1587, 730)
(1097, 420) (1342, 730) (1342, 420) (1587, 730)
(1095, 422) (1340, 732) (1340, 422) (1585, 732)
(1095, 420) (1340, 730) (1340, 420) (1585, 730)
(1095, 422) (1340, 732) (1340, 422) (1585, 732)
(1097, 420) (1342, 730) (1342, 420) (1587, 730)
(1105, 415) (1350, 725) (1350, 415) (1595, 725)
(1098, 415) (1343, 725) (1343, 415) (1588, 725)
(1099, 414) (1344, 724) (1344, 414) (1589, 724)
(1099, 416) (1344, 726) (1344, 416) (1589, 726)
(1097, 418) (1342, 728) (1342, 418) (1587, 728)
(1098, 415) (1343, 725) (1343, 415) (1588, 725)
(1097, 418) (1342, 728) (1342, 418) (1587, 728)
(1097, 416) (1342, 726) (1342, 416) (1587, 726)
(1097, 417) (1342, 727) (1342, 417) (1587, 727)
(1098, 416) (1343, 726) (1343, 416) (1588, 726)
(1098, 418) (1343, 728) (1343, 418) (1588, 728)
(1096, 419) (1341, 729) (1341, 419) (1586, 729)
(1097, 418) (1342, 728) (1342, 418) (1587, 728)
(1096, 418) (1341, 728) (1341, 418) (1586, 728)
(1095, 419) (1340, 729) (1340, 419) (1585, 729)
(1096, 418) (1341, 728) (1341, 418) (1586, 728)
(1094, 419) (1339, 729) (1339, 419) (1584, 729)
(1095, 419) (1340, 729) (1340, 419) (1585, 729)
(1095, 420) (1340, 730) (1340, 420) (1585, 730)
(1098, 417) (1343, 727) (1343, 417) (1588, 727)
(1097, 417) (1342, 727) (1342, 417) (1587, 727)
(1101, 416) (1346, 726) (1346, 416) (1591, 726)
(1101, 417) (1346, 727) (1346, 417) (1591, 727)
(1101, 417) (1346, 727) (1346, 417) (1591, 727)
(1098, 418) (1343, 728) (1343, 418) (1588, 728)
(1098, 416) (1343, 726) (1343, 416) (1588, 726)
(1081, 411) (1326, 721) (1326, 411) (1571, 721)
(1082, 410) (1327, 720) (1327, 410) (1572, 720)
(1094, 416) (1339, 726) (1339, 416) (1584, 726)
(1092, 416) (1337, 726) (1337, 416) (1582, 726)
(1093, 418) (1338, 728) (1338, 418) (1583, 728)
(1093, 418) (1338, 728) (1338, 418) (1583, 728)
(1094, 418) (1339, 728) (1339, 418) (1584, 728)
(1096, 417) (1341, 727) (1341, 417) (1586, 727)
(1097, 419) (1342, 729) (1342, 419) (1587, 729)
(1095, 420) (1340, 730) (1340, 420) (1585, 730)
(1093, 419) (1338, 729) (1338, 419) (1583, 729)
(1091, 421) (1336, 731) (1336, 421) (1581, 731)
(1081, 412) (1326, 722) (1326, 412) (1571, 722)
(1081, 414) (1326, 724) (1326, 414) (1571, 724)
(1081, 414) (1326, 724) (1326, 414) (1571, 724)
(1081, 414) (1326, 724) (1326, 414) (1571, 724)
(1081, 413) (1326, 723) (1326, 413) (1571, 723)
(1082, 414) (1327, 724) (1327, 414) (1572, 724)
(1081, 413) (1326, 723) (1326, 413) (1571, 723)
(1081, 413) (1326, 723) (1326, 413) (1571, 723)
(1081, 414) (1326, 724) (1326, 414) (1571, 724)
(1081, 413) (1326, 723) (1326, 413) (1571, 723)
(1081, 412) (1326, 722) (1326, 412) (1571, 722)
(1081, 412) (1326, 722) (1326, 412) (1571, 722)
(1081, 411) (1326, 721) (1326, 411) (1571, 721)
(1081, 412) (1326, 722) (1326, 412) (1571, 722)
(1081, 412) (1326, 722) (1326, 412) (1571, 722)
(1081, 413) (1326, 723) (1326, 413) (1571, 723)
(1081, 415) (1326, 725) (1326, 415) (1571, 725)
(1082, 412) (1327, 722) (1327, 412) (1572, 722)
(1081, 412) (1326, 722) (1326, 412) (1571, 722)
(1081, 411) (1326, 721) (1326, 411) (1571, 721)
(1081, 410) (1326, 720) (1326, 410) (1571, 720)
(1081, 412) (1326, 722) (1326, 412) (1571, 722)
(1081, 413) (1326, 723) (1326, 413) (1571, 723)
(1082, 414) (1327, 724) (1327, 414) (1572, 724)
(1081, 417) (1326, 727) (1326, 417) (1571, 727)
(1081, 412) (1326, 722) (1326, 412) (1571, 722)
(1081, 412) (1326, 722) (1326, 412) (1571, 722)
(1081, 412) (1326, 722) (1326, 412) (1571, 722)
(1081, 413) (1326, 723) (1326, 413) (1571, 723)
(1081, 413) (1326, 723) (1326, 413) (1571, 723)
(1079, 416) (1324, 726) (1324, 416) (1569, 726)
(1081, 413) (1326, 723) (1326, 413) (1571, 723)
(1081, 412) (1326, 722) (1326, 412) (1571, 722)
(1081, 413) (1326, 723) (1326, 413) (1571, 723)
(1081, 414) (1326, 724) (1326, 414) (1571, 724)
(1081, 414) (1326, 724) (1326, 414) (1571, 724)
(1081, 412) (1326, 722) (1326, 412) (1571, 722)
(1080, 412) (1325, 722) (1325, 412) (1570, 722)
(1079, 413) (1324, 723) (1324, 413) (1569, 723)
(1079, 413) (1324, 723) (1324, 413) (1569, 723)
(1080, 411) (1325, 721) (1325, 411) (1570, 721)
(1079, 412) (1324, 722) (1324, 412) (1569, 722)
(1079, 412) (1324, 722) (1324, 412) (1569, 722)
(1079, 413) (1324, 723) (1324, 413) (1569, 723)
(1080, 414) (1325, 724) (1325, 414) (1570, 724)
(1079, 413) (1324, 723) (1324, 413) (1569, 723)
(1080, 411) (1325, 721) (1325, 411) (1570, 721)
(1079, 413) (1324, 723) (1324, 413) (1569, 723)
(1080, 413) (1325, 723) (1325, 413) (1570, 723)
(1081, 411) (1326, 721) (1326, 411) (1571, 721)
(1079, 416) (1324, 726) (1324, 416) (1569, 726)
(1079, 414) (1324, 724) (1324, 414) (1569, 724)
(1079, 415) (1324, 725) (1324, 415) (1569, 725)
(1080, 414) (1325, 724) (1325, 414) (1570, 724)
(1079, 416) (1324, 726) (1324, 416) (1569, 726)
(1080, 415) (1325, 725) (1325, 415) (1570, 725)
(1079, 414) (1324, 724) (1324, 414) (1569, 724)
(1079, 416) (1324, 726) (1324, 416) (1569, 726)
(1080, 415) (1325, 725) (1325, 415) (1570, 725)
(1080, 414) (1325, 724) (1325, 414) (1570, 724)
(1081, 413) (1326, 723) (1326, 413) (1571, 723)
(1081, 410) (1326, 720) (1326, 410) (1571, 720)
(1082, 412) (1327, 722) (1327, 412) (1572, 722)
(1091, 420) (1336, 730) (1336, 420) (1581, 730)
(1081, 410) (1326, 720) (1326, 410) (1571, 720)
(1081, 411) (1326, 721) (1326, 411) (1571, 721)
(1082, 411) (1327, 721) (1327, 411) (1572, 721)
(1082, 411) (1327, 721) (1327, 411) (1572, 721)
(1081, 410) (1326, 720) (1326, 410) (1571, 720)
(1081, 411) (1326, 721) (1326, 411) (1571, 721)
(1081, 410) (1326, 720) (1326, 410) (1571, 720)
(1081, 412) (1326, 722) (1326, 412) (1571, 722)
(1081, 411) (1326, 721) (1326, 411) (1571, 721)
(1083, 411) (1328, 721) (1328, 411) (1573, 721)
(1082, 410) (1327, 720) (1327, 410) (1572, 720)
(1093, 418) (1338, 728) (1338, 418) (1583, 728)
(1082, 407) (1327, 717) (1327, 407) (1572, 717)
(1091, 416) (1336, 726) (1336, 416) (1581, 726)
(1081, 410) (1326, 720) (1326, 410) (1571, 720)
(1082, 413) (1327, 723) (1327, 413) (1572, 723)
(1081, 411) (1326, 721) (1326, 411) (1571, 721)
(1081, 408) (1326, 718) (1326, 408) (1571, 718)
(1081, 409) (1326, 719) (1326, 409) (1571, 719)
(1081, 407) (1326, 717) (1326, 407) (1571, 717)
(1082, 410) (1327, 720) (1327, 410) (1572, 720)
(1082, 408) (1327, 718) (1327, 408) (1572, 718)
(1081, 409) (1326, 719) (1326, 409) (1571, 719)
(1091, 414) (1336, 724) (1336, 414) (1581, 724)
(1082, 408) (1327, 718) (1327, 408) (1572, 718)
(1082, 408) (1327, 718) (1327, 408) (1572, 718)
